1,399,102
2,359,104
3,333,103
4,311,101
5,300,101
6,285,104
7,275,104
8,263,105
9,253,104
10,246,105
11,232,105
12,226,103
13,216,105
14,210,107
15,202,106
16,289,107
17,283,107
18,272,106
19,264,104
20,260,103
21,246,100
22,236,101
23,223,99
24,210,97
25,206,100
26,199,99
27,191,97
28,185,95
29,177,96
30,173,93
31,224,89
32,220,88
33,212,87
34,208,85
35,206,81
36,195,78
37,190,75
38,187,73
39,185,68
40,184,66
41,181,67
42,178,64
43,178,64
44,177,62
45,174,61
46,186,59
47,182,61
48,179,59
49,175,58
50,170,58
51,166,56
52,162,55
53,158,54
54,156,50
55,153,50
56,152,49
57,150,47
58,146,47
59,145,47
60,143,45
61,164,43
62,164,41
63,161,41
64,159,41
65,156,39
66,152,39
67,152,38
68,149,35
69,144,32
70,142,33
71,140,34
72,140,34
73,143,33
74,142,32
75,141,32
76,177,32
77,176,31
78,173,29
79,170,30
80,170,30
81,168,30
82,166,31
83,164,31
84,162,31
85,158,32
86,156,33
87,155,34
88,154,35
89,153,35
90,150,35
91,182,34
92,181,33
93,179,32
94,179,32
95,179,31
96,178,32
97,178,31
98,178,29
99,177,29
100,177,27
101,177,27
102,177,26
103,174,25
104,173,23
105,170,21
106,194,18
107,194,18
108,194,18
109,193,18
110,193,18
111,193,18
112,192,19
113,191,20
114,190,20
115,189,20
116,191,21
117,191,22
118,190,21
119,189,20
120,188,20
121,235,20
122,236,19
123,235,18
124,233,18
125,233,18
126,233,19
127,231,19
128,229,19
129,228,20
130,226,18
131,226,16
132,227,15
133,227,15
134,224,15
135,222,15
136,269,13
137,266,13
138,265,12
139,265,12
140,264,12
141,265,12
142,265,13
143,264,14
144,261,14
145,261,13
146,262,14
147,265,14
148,265,14
149,265,14
150,265,14
151,315,14
152,315,13
153,314,12
154,314,11
155,313,11
156,314,11
157,312,11
158,313,11
159,312,10
160,313,10
161,315,9
162,317,9
163,319,9
164,319,9
165,319,9
166,395,7
167,396,6
168,395,6
169,395,6
170,395,6
171,397,6
172,397,6
173,399,6
174,399,6
175,399,6
176,402,8
177,407,8
178,409,9
179,409,9
180,408,9
181,492,9
182,493,9
183,493,9
184,491,9
185,492,9
186,494,9
187,492,9
188,491,8
189,491,8
190,492,8
191,494,8
192,499,8
193,498,8
194,497,8
195,495,8
196,596,8
197,596,8
198,593,8
199,593,8
200,594,8
201,598,8
202,598,8
203,597,8
204,596,8
205,599,7
206,603,9
207,607,9
208,608,10
209,608,10
210,605,10
211,738,10
212,739,10
213,739,10
214,737,10
215,738,10
216,740,9
217,740,9
218,743,9
219,743,9
220,748,9
221,750,9
222,756,9
223,759,9
224,759,9
225,757,9
226,941,9
227,943,9
228,943,9
229,942,9
230,945,9
231,947,9
232,945,9
233,947,9
234,946,9
235,946,9
236,951,11
237,961,11
238,964,12
239,962,12
240,961,12
241,999,12
242,1000,12
243,1000,12
244,999,12
245,996,12
246,1000,12
247,1000,12
248,1000,11
249,1000,12
250,1000,12
251,1000,12
252,1000,12
253,1000,12
254,999,12
255,997,12
256,994,12
257,996,12
258,992,11
259,991,11
260,995,11
261,1000,11
262,996,11
263,1000,11
264,997,10
265,998,10
266,1000,11
267,1000,10
268,1000,11
269,1000,11
270,998,11
271,989,11
272,989,11
273,986,11
274,985,11
275,993,11
276,999,10
277,998,10
278,1000,10
279,999,11
280,1000,11
281,999,11
282,1000,11
283,1000,11
284,997,11
285,995,11
286,985,11
287,986,11
288,986,10
289,984,10
290,993,10
291,1000,10
292,998,10
293,1000,10
294,997,10
295,994,10
296,998,12
297,999,12
298,1000,13
299,999,13
300,998,13
301,958,13
302,961,13
303,958,13
304,956,13
305,962,13
306,969,13
307,967,13
308,973,12
309,972,13
310,969,13
311,979,13
312,997,13
313,999,13
314,995,13
315,992,13
316,920,13
317,924,13
318,923,13
319,918,13
320,930,13
321,938,13
322,938,13
323,945,13
324,944,13
325,944,13
326,947,15
327,962,15
328,973,16
329,972,16
330,971,16
331,907,16
332,910,16
333,910,16
334,910,16
335,919,16
336,930,14
337,929,14
338,934,13
339,930,14
340,929,14
341,938,14
342,953,14
343,956,14
344,955,14
345,952,14
346,887,13
347,894,13
348,892,13
349,892,13
350,906,13
351,925,13
352,924,13
353,937,13
354,935,13
355,938,13
356,954,17
357,970,17
358,977,18
359,975,18
360,974,18
361,856,18
362,861,18
363,859,18
364,855,18
365,867,18
366,893,17
367,889,17
368,907,17
369,904,19
370,903,19
371,921,19
372,954,19
373,965,19
374,963,19
375,961,19
376,808,18
377,817,18
378,816,18
379,815,17
380,830,17
381,859,17
382,857,17
383,872,17
384,871,17
385,873,17
386,893,21
387,935,21
388,953,22
389,953,22
390,951,22
391,984,22
392,989,22
393,986,22
394,983,22
395,999,22
396,999,19
397,993,19
398,999,19
399,997,20
400,999,20
401,1000,20
402,1000,20
403,1000,20
404,997,20
405,996,20
406,999,20
407,1000,20
408,998,20
409,993,18
410,1000,18
411,1000,18
412,999,18
413,1000,18
414,996,18
415,995,18
416,1000,23
417,1000,22
418,1000,23
419,996,23
420,994,23
421,1000,23
422,998,23
423,994,23
424,993,23
425,998,23
426,1000,21
427,997,21
428,999,21
429,996,23
430,1000,23
431,1000,23
432,1000,23
433,1000,23
434,999,23
435,997,23
436,998,21
437,999,21
438,993,21
439,989,20
440,998,20
441,999,20
442,996,20
443,1000,20
444,998,20
445,1000,20
446,996,26
447,1000,26
448,999,27
449,998,27
450,998,27
451,999,27
452,999,27
453,996,27
454,995,27
455,997,27
456,994,22
457,992,22
458,991,22
459,987,25
460,992,25
461,992,25
462,993,25
463,996,25
464,994,25
465,992,25
466,995,25
467,997,25
468,997,24
469,997,22
470,990,22
471,984,22
472,983,21
473,983,21
474,982,21
475,984,21
476,989,27
477,975,27
478,984,28
479,983,26
480,980,26
481,972,26
482,995,26
483,989,26
484,985,26
485,992,26
486,979,25
487,977,25
488,983,24
489,980,27
490,982,27
491,985,27
492,979,27
493,986,27
494,983,27
495,980,27
496,957,24
497,966,24
498,958,24
499,952,23
500,976,23
501,978,23
502,976,23
503,979,23
504,972,23
505,974,23
506,983,29
507,983,29
508,977,31
509,971,31
510,969,31
511,971,31
512,973,31
513,971,31
514,961,31
515,972,31
516,978,28
517,971,28
518,968,28
519,964,31
520,965,31
521,980,31
522,968,31
523,985,31
524,983,31
525,981,31
526,973,31
527,993,31
528,987,31
529,983,29
530,979,29
531,972,29
532,969,29
533,984,29
534,980,29
535,983,29
536,989,37
537,976,37
538,993,40
539,990,40
540,986,40
541,972,40
542,995,40
543,989,40
544,983,40
545,997,40
546,1000,36
547,998,36
548,1000,35
549,995,39
550,1000,39
551,1000,39
552,1000,39
553,1000,39
554,997,39
555,993,38
556,999,38
557,1000,38
558,996,37
559,990,37
560,999,37
561,1000,37
562,994,37
563,1000,36
564,995,36
565,1000,35
566,1000,42
567,1000,42
568,1000,45
569,995,44
570,989,44
571,999,44
572,1000,44
573,997,43
574,995,43
575,999,43
576,998,39
577,995,39
578,1000,38
579,995,39
580,1000,39
581,1000,39
582,999,39
583,998,39
584,989,39
585,982,39
586,998,39
587,1000,39
588,996,38
589,995,36
590,998,36
591,999,36
592,993,36
593,999,36
594,994,36
595,996,36
596,997,43
597,999,43
598,1000,46
599,991,46
600,985,46
601,997,46
602,999,46
603,990,46
604,987,46
605,997,46
606,998,40
607,995,39
608,994,38
609,989,40
610,989,40
611,993,40
612,995,40
613,993,40
614,985,40
615,977,40
616,988,37
617,999,37
618,989,36
619,981,35
620,995,35
621,992,35
622,988,35
623,989,35
624,985,35
625,988,35
626,990,46
627,991,46
628,978,51
629,975,49
630,967,49
631,971,49
632,982,48
633,977,48
634,964,48
635,989,48
636,995,40
637,987,40
638,986,39
639,981,42
640,982,42
641,982,42
642,989,42
643,975,42
644,969,42
645,959,42
646,976,42
647,980,42
648,969,41
649,965,39
650,967,39
651,981,39
652,976,39
653,973,39
654,969,39
655,974,39
656,981,50
657,989,50
658,978,55
659,975,55
660,970,55
661,981,55
662,990,55
663,982,55
664,975,55
665,992,55
666,984,47
667,981,47
668,979,45
669,970,51
670,978,51
671,992,51
672,990,51
673,967,51
674,961,51
675,954,51
676,983,50
677,993,50
678,982,49
679,977,45
680,1000,45
681,995,45
682,990,44
683,983,44
684,978,44
685,989,44
686,998,57
687,998,57
688,990,62
689,988,61
690,980,61
691,998,61
692,999,61
693,991,61
694,987,61
695,1000,61
696,999,52
697,992,52
698,997,48
699,994,52
700,999,52
701,1000,52
702,1000,52
703,999,51
704,987,51
705,981,51
706,1000,50
707,999,50
708,992,49
709,987,47
710,998,47
711,999,47
712,990,47
713,995,47
714,987,47
715,1000,47
716,1000,61
717,999,61
718,1000,68
719,994,68
720,981,68
721,991,68
722,1000,68
723,995,68
724,988,68
725,1000,67
726,998,58
727,990,57
728,998,52
729,991,56
730,1000,56
731,1000,56
732,1000,56
733,999,56
734,988,56
735,979,56
736,994,54
737,999,54
738,990,53
739,984,49
740,995,49
741,995,49
742,988,49
743,995,49
744,989,49
745,999,49
746,1000,64
747,998,64
748,996,73
749,988,71
750,977,71
751,991,71
752,997,71
753,993,71
754,986,71
755,990,71
756,994,60
757,987,60
758,995,56
759,989,60
760,997,58
761,996,58
762,997,58
763,994,58
764,988,58
765,980,58
766,985,55
767,988,55
768,981,53
769,975,50
770,982,49
771,986,49
772,977,49
773,986,49
774,971,49
775,993,48
776,993,62
777,993,62
778,995,73
779,979,73
780,964,73
781,977,73
782,983,73
783,969,73
784,950,72
785,976,72
786,977,64
787,963,64
788,987,59
789,981,62
790,988,62
791,986,62
792,985,62
793,982,62
794,966,61
795,958,61
796,973,59
797,967,59
798,956,58
799,941,57
800,950,57
801,958,57
802,947,57
803,961,57
804,948,57
805,961,57
806,955,72
807,944,72
808,939,83
809,926,83
810,909,83
811,920,83
812,920,83
813,909,83
814,896,83
815,899,83
816,906,75
817,890,75
818,894,70
819,878,74
820,895,74
821,891,74
822,886,74
823,872,74
824,857,74
825,842,74
826,863,72
827,864,72
828,843,68
829,821,67
830,844,67
831,856,67
832,846,67
833,861,67
834,844,67
835,861,67
836,848,85
837,839,85
838,829,98
839,815,97
840,803,97
841,821,97
842,827,97
843,809,97
844,795,97
845,815,97
846,820,86
847,806,85
848,814,80
849,793,84
850,813,84
851,808,84
852,796,84
853,779,84
854,768,84
855,753,84
856,761,81
857,762,81
858,752,81
859,738,78
860,758,78
861,755,78
862,730,78
863,732,77
864,718,77
865,745,77
866,735,96
867,730,96
868,719,108
869,699,108
870,689,108
871,697,108
872,693,108
873,673,108
874,662,108
875,678,108
876,681,99
877,657,99
878,657,92
879,637,97
880,666,97
881,647,97
882,636,97
883,620,97
884,605,96
885,597,96
886,603,94
887,603,94
888,594,90
889,581,84
890,596,83
891,594,83
892,576,83
893,575,83
894,556,82
895,579,82
896,568,101
897,558,101
898,541,114
899,523,114
900,503,114
901,507,114
902,501,114
903,487,113
904,471,113
905,476,113
906,464,97
907,455,97
908,449,89
909,440,96
910,460,96
911,452,95
912,448,95
913,435,95
914,426,95
915,414,95
916,415,94
917,410,94
918,402,92
919,397,88
920,411,88
921,402,88
922,397,88
923,396,88
924,384,88
925,421,88
926,419,112
927,412,112
928,408,131
929,404,129
930,393,129
931,385,129
932,384,129
933,378,129
934,368,129
935,377,129
936,370,112
937,358,112
938,352,97
939,345,104
940,378,104
941,373,104
942,372,104
943,366,104
944,357,104
945,348,104
946,350,98
947,349,97
948,343,92
949,334,86
950,347,86
951,345,86
952,338,86
953,337,86
954,332,86
955,373,86
956,367,108
957,360,108
958,353,125
959,349,124
960,340,123
961,340,123
962,333,123
963,330,123
964,322,123
965,329,123
966,322,106
967,320,106
968,326,91
969,320,100
970,348,100
971,343,100
972,336,100
973,331,100
974,326,99
975,319,99
976,321,92
977,322,92
978,314,87
979,311,78
980,327,77
981,326,77
982,325,77
983,334,77
984,332,77
985,363,77
986,363,101
987,363,101
988,356,123
989,351,122
990,344,122
991,342,122
992,337,122
993,331,122
994,328,122
995,336,122
996,327,101
997,325,101
998,328,86
999,324,94
1000,363,94
1001,357,94
1002,358,94
1003,355,93
1004,350,93
1005,339,93
1006,337,90
1007,336,90
1008,330,88
1009,327,80
1010,335,80
1011,333,79
1012,329,79
1013,334,78
1014,328,78
1015,359,78
1016,359,100
1017,360,100
1018,355,121
1019,349,120
1020,344,120
1021,338,120
1022,340,120
1023,338,120
1024,334,119
1025,347,118
1026,336,94
1027,330,93
1028,336,74
1029,333,80
1030,367,80
1031,363,80
1032,360,80
1033,353,80
1034,345,80
1035,339,80
1036,337,78
1037,338,78
1038,332,75
1039,328,69
1040,334,69
1041,329,69
1042,322,69
1043,326,69
1044,318,69
1045,350,69
1046,347,96
1047,341,96
1048,333,117
1049,322,117
1050,312,117
1051,309,117
1052,297,117
1053,285,117
1054,276,116
1055,279,116
1056,270,93
1057,260,93
1058,258,74
1059,252,79
1060,256,79
1061,253,79
1062,250,78
1063,241,78
1064,234,78
1065,230,78
1066,227,75
1067,227,75
1068,222,73
1069,219,68
1070,221,68
1071,214,68
1072,209,68
1073,204,68
1074,198,68
1075,215,67
1076,215,93
1077,215,93
1078,213,116
1079,211,115
1080,205,115
1081,200,115
1082,200,114
1083,195,113
1084,190,113
1085,189,113
1086,184,89
1087,181,89
1088,183,71
1089,181,75
1090,194,75
1091,193,75
1092,193,75
1093,190,74
1094,187,74
1095,179,74
1096,179,72
1097,181,71
1098,175,69
1099,174,64
1100,173,64
1101,170,64
1102,165,64
1103,176,64
1104,175,64
1105,180,64
1106,183,87
1107,193,87
1108,188,109
1109,187,109
1110,186,109
1111,188,109
1112,189,108
1113,186,108
1114,183,108
1115,184,108
1116,182,84
1117,180,84
1118,194,64
1119,191,67
1120,194,67
1121,195,67
1122,199,67
1123,198,66
1124,194,65
1125,189,65
1126,192,64
1127,198,64
1128,197,63
1129,195,61
1130,200,61
1131,200,60
1132,199,59
1133,206,59
1134,204,59
1135,212,59
1136,212,79
1137,221,79
1138,220,101
1139,211,101
1140,209,101
1141,207,101
1142,212,101
1143,209,101
1144,208,101
1145,211,101
1146,206,82
1147,205,82
1148,221,64
1149,219,66
1150,220,66
1151,217,65
1152,216,65
1153,212,65
1154,209,65
1155,209,65
1156,211,64
1157,219,64
1158,219,62
1159,215,60
1160,214,60
1161,214,60
1162,212,60
1163,232,60
1164,231,60
1165,230,59
1166,229,79
1167,235,79
1168,235,101
1169,235,100
1170,232,100
1171,231,100
1172,243,100
1173,242,100
1174,237,99
1175,237,99
1176,235,81
1177,233,80
1178,257,59
1179,255,60
1180,254,60
1181,255,60
1182,271,60
1183,268,60
1184,265,60
1185,262,59
1186,263,58
1187,272,58
1188,268,52
1189,267,50
1190,269,49
1191,268,49
1192,264,49
1193,294,49
1194,294,49
1195,295,49
1196,295,64
1197,307,63
1198,306,86
1199,302,85
1200,302,85
1201,303,85
1202,315,85
1203,313,85
1204,312,85
1205,314,85
1206,312,70
1207,310,70
1208,337,50
1209,334,52
1210,331,52
1211,328,52
1212,343,52
1213,342,52
1214,339,51
1215,336,51
1216,337,50
1217,356,50
1218,354,49
1219,350,47
1220,351,47
1221,349,47
1222,343,47
1223,379,47
1224,375,47
1225,371,47
1226,368,63
1227,384,63
1228,380,84
1229,375,84
1230,366,84
1231,363,84
1232,371,84
1233,370,83
1234,364,83
1235,362,83
1236,361,71
1237,359,69
1238,400,52
1239,397,54
1240,396,54
1241,393,54
1242,405,54
1243,398,54
1244,387,53
1245,380,53
1246,377,52
1247,390,52
1248,384,52
1249,378,50
1250,376,50
1251,372,50
1252,370,50
1253,411,50
1254,406,50
1255,400,50
1256,400,63
1257,419,63
1258,412,84
1259,400,84
1260,392,84
1261,388,84
1262,396,84
1263,388,84
1264,378,84
1265,372,84
1266,366,72
1267,359,72
1268,392,55
1269,389,57
1270,385,57
1271,383,57
1272,400,57
1273,398,56
1274,392,56
1275,386,56
1276,382,54
1277,394,54
1278,386,50
1279,382,49
1280,379,49
1281,375,49
1282,374,49
1283,408,47
1284,405,46
1285,400,45
1286,398,56
1287,415,55
1288,402,75
1289,396,74
1290,387,74
1291,380,74
1292,387,74
1293,378,74
1294,366,74
1295,360,74
1296,354,63
1297,344,63
1298,370,49
1299,367,51
1300,356,51
1301,348,51
1302,369,51
1303,367,51
1304,356,51
1305,347,51
1306,346,51
1307,352,51
1308,346,48
1309,343,46
1310,333,46
1311,329,46
1312,321,45
1313,353,45
1314,343,45
1315,330,45
1316,322,56
1317,330,56
1318,324,75
1319,316,75
1320,311,75
1321,299,75
1322,302,75
1323,294,74
1324,290,74
1325,282,74
1326,272,65
1327,265,65
1328,286,51
1329,281,53
1330,274,53
1331,265,53
1332,260,53
1333,256,53
1334,249,53
1335,241,52
1336,237,51
1337,245,51
1338,237,49
1339,230,48
1340,228,48
1341,223,48
1342,217,48
1343,240,47
1344,236,47
1345,231,47
1346,226,60
1347,236,60
1348,230,77
1349,222,77
1350,216,77
1351,211,77
1352,215,77
1353,211,77
1354,205,77
1355,205,77
1356,200,68
1357,199,68
1358,224,56
1359,221,58
1360,216,58
1361,213,58
1362,219,58
1363,214,58
1364,212,58
1365,211,58
1366,209,56
1367,219,56
1368,218,53
1369,216,51
1370,215,51
1371,215,51
1372,211,51
1373,239,51
1374,231,51
1375,233,51
1376,231,62
1377,230,62
1378,228,81
1379,224,81
1380,217,81
1381,216,80
1382,221,80
1383,216,80
1384,212,79
1385,207,79
1386,203,67
1387,198,67
1388,224,53
1389,224,53
1390,219,53
1391,218,53
1392,222,53
1393,219,53
1394,213,53
1395,207,53
1396,208,52
1397,213,52
1398,210,49
1399,205,47
1400,203,47
1401,200,47
1402,193,47
1403,229,47
1404,225,47
1405,225,47
1406,220,57
1407,230,57
1408,228,78
1409,224,78
1410,219,78
1411,214,78
1412,217,78
1413,214,78
1414,208,78
1415,205,78
1416,198,70
1417,197,70
1418,220,57
1419,220,59
1420,214,59
1421,212,59
1422,218,59
1423,211,59
1424,209,59
1425,206,59
1426,206,57
1427,209,57
1428,208,51
1429,206,49
1430,204,49
1431,203,49
1432,201,49
1433,221,49
1434,220,49
1435,217,49
1436,213,59
1437,214,59
1438,212,82
1439,209,82
1440,208,82
1441,207,82
1442,205,82
1443,202,82
1444,200,82
1445,196,82
1446,193,75
1447,192,75
1448,226,54
1449,223,55
1450,221,55
1451,215,55
1452,221,55
1453,220,55
1454,217,55
1455,212,55
1456,212,52
1457,209,52
1458,207,51
1459,206,49
1460,204,49
1461,199,49
1462,195,49
1463,232,49
1464,232,49
1465,229,49
1466,226,56
1467,231,55
1468,222,79
1469,216,79
1470,212,79
1471,214,79
1472,213,79
1473,209,79
1474,206,79
1475,201,79
1476,197,72
1477,192,72
1478,219,54
1479,218,56
1480,217,56
1481,213,56
1482,222,56
1483,219,56
1484,213,56
1485,213,56
1486,214,54
1487,212,54
1488,210,52
1489,206,50
1490,203,50
1491,202,50
1492,195,50
1493,216,50
1494,214,50
1495,215,49
1496,214,58
1497,216,57
1498,212,78
1499,208,78
1500,202,78
1501,206,78
1502,204,78
1503,203,78
1504,198,78
1505,193,77
1506,189,69
1507,187,69
1508,219,46
1509,218,48
1510,216,48
1511,210,48
1512,216,48
1513,210,48
1514,209,48
1515,203,48
1516,198,47
1517,194,47
1518,188,45
1519,185,44
1520,180,44
1521,177,44
1522,176,44
1523,201,44
1524,197,43
1525,194,42
1526,190,50
1527,198,50
1528,193,71
1529,190,71
1530,181,71
1531,176,71
1532,173,71
1533,168,71
1534,161,71
1535,154,71
1536,148,63
1537,146,63
1538,157,50
1539,154,52
1540,156,52
1541,150,52
1542,155,52
1543,149,52
1544,147,52
1545,144,52
1546,150,52
1547,145,52
1548,143,47
1549,137,44
1550,135,44
1551,131,44
1552,131,44
1553,150,44
1554,149,44
1555,152,44
1556,150,51
1557,155,50
1558,153,71
1559,151,71
1560,148,71
1561,146,71
1562,144,71
1563,139,71
1564,135,71
1565,135,71
1566,134,64
1567,134,64
1568,153,48
1569,151,50
1570,154,50
1571,152,50
1572,154,50
1573,152,50
1574,149,50
1575,148,50
1576,150,50
1577,147,49
1578,144,47
1579,140,47
1580,139,47
1581,139,47
1582,136,47
1583,149,47
1584,149,47
1585,149,47
1586,147,54
1587,152,54
1588,151,73
1589,147,71
1590,145,71
1591,145,71
1592,144,71
1593,141,71
1594,138,71
1595,137,71
1596,134,67
1597,134,67
1598,149,45
1599,148,47
1600,152,47
1601,152,47
1602,162,47
1603,160,47
1604,160,47
1605,157,47
1606,156,46
1607,152,46
1608,150,45
1609,150,44
1610,148,44
1611,147,44
1612,147,44
1613,167,44
1614,167,44
1615,172,44
1616,170,50
1617,181,50
1618,180,73
1619,179,73
1620,179,73
1621,182,73
1622,181,73
1623,179,73
1624,177,73
1625,175,73
1626,172,67
1627,171,67
1628,195,43
1629,191,45
1630,195,44
1631,195,44
1632,202,44
1633,201,44
1634,198,44
1635,198,44
1636,200,44
1637,198,44
1638,197,41
1639,194,41
1640,192,41
1641,189,41
1642,187,41
1643,199,41
1644,199,41
1645,203,41
1646,202,47
1647,212,47
1648,211,70
1649,210,68
1650,209,68
1651,216,68
1652,212,68
1653,211,68
1654,209,68
1655,206,68
1656,202,62
1657,200,62
1658,232,45
1659,231,47
1660,233,47
1661,230,47
1662,234,47
1663,234,47
1664,231,47
1665,230,47
1666,232,45
1667,227,44
1668,224,42
1669,224,40
1670,219,40
1671,216,40
1672,213,40
1673,237,40
1674,234,40
1675,236,40
1676,235,46
1677,242,46
1678,239,69
1679,238,68
1680,236,68
1681,239,68
1682,237,68
1683,236,68
1684,232,68
1685,228,68
1686,227,63
1687,222,63
1688,253,47
1689,251,49
1690,255,49
1691,254,49
1692,260,49
1693,254,49
1694,252,49
1695,250,49
1696,256,49
1697,252,49
1698,249,45
1699,248,44
1700,246,44
1701,242,44
1702,240,44
1703,272,44
1704,272,43
1705,275,42
1706,275,47
1707,284,47
1708,280,68
1709,276,67
1710,274,67
1711,281,67
1712,279,67
1713,276,67
1714,274,67
1715,271,66
1716,266,62
1717,260,62
1718,291,43
1719,287,45
1720,292,45
1721,288,45
1722,300,45
1723,296,45
1724,295,45
1725,294,44
1726,306,43
1727,305,43
1728,301,41
1729,299,39
1730,297,39
1731,294,38
1732,289,38
1733,329,38
1734,327,38
1735,334,38
1736,328,42
1737,336,42
1738,331,58
1739,329,58
1740,324,58
1741,327,58
1742,323,57
1743,319,57
1744,314,57
1745,310,57
1746,309,54
1747,303,54
1748,343,40
1749,341,43
1750,347,43
1751,343,43
1752,360,42
1753,354,42
1754,350,42
1755,344,42
1756,348,42
1757,343,42
1758,341,40
1759,336,38
1760,330,38
1761,328,38
1762,324,38
1763,366,38
1764,363,38
1765,363,38
1766,360,42
1767,372,42
1768,367,59
1769,359,59
1770,352,59
1771,358,59
1772,352,59
1773,349,58
1774,347,58
1775,341,58
1776,339,56
1777,329,56
1778,375,41
1779,370,44
1780,372,44
1781,369,44
1782,380,44
1783,380,44
1784,377,44
1785,373,44
1786,383,42
1787,374,42
1788,368,39
1789,365,37
1790,358,37
1791,354,37
1792,350,37
1793,391,37
1794,387,37
1795,392,37
1796,390,41
1797,401,41
1798,395,58
1799,388,58
1800,381,58
1801,386,58
1802,382,58
1803,379,58
1804,373,58
1805,366,58
1806,357,55
1807,354,55
1808,403,43
1809,398,46
1810,403,46
1811,401,46
1812,423,46
1813,422,46
1814,416,46
1815,411,46
1816,417,45
1817,410,45
1818,400,44
1819,394,41
1820,389,41
1821,381,41
1822,375,41
1823,417,41
1824,411,41
1825,420,41
1826,415,46
1827,436,46
1828,433,60
1829,431,60
1830,428,60
1831,442,60
1832,437,60
1833,430,60
1834,424,60
1835,418,60
1836,410,57
1837,397,57
1838,435,47
1839,431,50
1840,436,50
1841,433,49
1842,447,49
1843,444,49
1844,438,49
1845,433,49
1846,445,49
1847,439,49
1848,435,47
1849,433,43
1850,426,43
1851,422,43
1852,419,43
1853,465,43
1854,461,43
1855,469,43
1856,464,48
1857,490,48
1858,487,65
1859,484,64
1860,480,64
1861,493,64
1862,485,64
1863,474,64
1864,468,64
1865,466,64
1866,463,60
1867,455,60
1868,506,51
1869,500,55
1870,511,55
1871,507,55
1872,530,55
1873,526,55
1874,520,55
1875,516,55
1876,531,54
1877,524,54
1878,520,50
1879,516,47
1880,505,46
1881,499,46
1882,491,46
1883,545,46
1884,541,46
1885,554,46
1886,550,53
1887,573,53
1888,568,67
1889,557,66
1890,550,66
1891,556,66
1892,548,66
1893,540,66
1894,533,66
1895,524,66
1896,517,63
1897,509,63
1898,549,52
1899,542,56
1900,561,56
1901,555,56
1902,581,56
1903,567,56
1904,560,55
1905,548,55
1906,554,53
1907,546,53
1908,541,50
1909,536,46
1910,528,46
1911,523,46
1912,517,46
1913,559,46
1914,555,46
1915,568,46
1916,556,54
1917,589,54
1918,581,74
1919,569,74
1920,556,74
1921,561,74
1922,554,74
1923,541,74
1924,530,74
1925,520,74
1926,508,70
1927,501,70
1928,517,57
1929,509,61
1930,528,61
1931,519,61
1932,558,61
1933,550,61
1934,540,61
1935,528,61
1936,532,59
1937,520,59
1938,517,57
1939,509,54
1940,507,54
1941,499,54
1942,492,54
1943,521,54
1944,520,54
1945,547,54
1946,543,63
1947,591,63
1948,589,82
1949,581,82
1950,574,82
1951,575,82
1952,571,82
1953,565,82
1954,558,82
1955,549,81
1956,544,72
1957,541,72
1958,563,59
1959,560,63
1960,595,63
1961,590,63
1962,640,63
1963,637,63
1964,630,63
1965,626,63
1966,630,62
1967,623,62
1968,613,60
1969,607,59
1970,600,59
1971,591,58
1972,582,58
1973,600,58
1974,593,58
1975,628,58
1976,625,67
1977,685,67
1978,677,86
1979,667,83
1980,662,83
1981,665,83
1982,657,83
1983,648,83
1984,642,83
1985,638,83
1986,632,79
1987,623,79
1988,627,63
1989,619,66
1990,664,66
1991,650,66
1992,712,66
1993,707,66
1994,695,66
1995,686,65
1996,684,62
1997,675,62
1998,666,58
1999,664,57
2000,657,57
2001,655,57
2002,651,57
2003,671,56
2004,665,56
2005,712,56
2006,707,65
2007,766,65
2008,754,85
2009,745,85
2010,737,85
2011,735,85
2012,728,85
2013,721,84
2014,715,84
2015,711,84
2016,704,80
2017,698,80
2018,720,65
2019,714,68
2020,782,68
2021,775,68
2022,853,68
2023,851,68
2024,845,67
2025,837,67
2026,833,64
2027,827,64
2028,818,59
2029,812,58
2030,810,58
2031,802,58
2032,797,58
2033,810,58
2034,803,58
2035,872,57
2036,867,67
2037,959,67
2038,959,90
2039,945,90
2040,936,90
2041,938,90
2042,932,90
2043,927,90
2044,919,90
2045,911,90
2046,902,82
2047,897,82
2048,905,64
2049,900,67
2050,964,67
2051,957,67
2052,999,67
2053,998,67
2054,991,67
2055,989,67
2056,1000,65
2057,994,65
2058,986,61
2059,974,59
2060,966,59
2061,961,59
2062,954,59
2063,968,58
2064,962,58
2065,1000,58
2066,994,67
2067,999,67
2068,999,89
2069,995,89
2070,990,89
2071,996,89
2072,986,89
2073,973,89
2074,962,89
2075,946,87
2076,939,77
2077,930,76
2078,940,62
2079,935,65
2080,998,65
2081,987,65
2082,995,65
2083,1000,65
2084,989,65
2085,981,65
2086,989,64
2087,982,64
2088,971,60
2089,965,59
2090,955,59
2091,942,59
2092,929,59
2093,941,59
2094,932,59
2095,996,59
2096,992,69
2097,992,69
2098,998,88
2099,986,85
2100,972,85
2101,978,85
2102,963,85
2103,952,85
2104,939,85
2105,927,85
2106,914,77
2107,903,77
2108,916,63
2109,909,68
2110,979,68
2111,980,68
2112,988,68
2113,992,68
2114,982,68
2115,979,68
2116,985,66
2117,980,66
2118,972,63
2119,963,61
2120,949,61
2121,939,61
2122,927,61
2123,937,60
2124,922,60
2125,968,60
2126,967,71
2127,973,70
2128,982,87
2129,970,87
2130,950,87
2131,967,87
2132,955,87
2133,945,87
2134,934,87
2135,918,86
2136,908,81
2137,896,81
2138,919,66
2139,910,71
2140,947,71
2141,941,71
2142,973,71
2143,970,71
2144,951,71
2145,937,71
2146,953,70
2147,937,70
2148,919,68
2149,901,64
2150,884,64
2151,860,64
2152,842,64
2153,853,64
2154,840,64
2155,881,64
2156,880,74
2157,897,73
2158,906,88
2159,898,86
2160,879,86
2161,897,86
2162,886,86
2163,864,85
2164,849,85
2165,843,85
2166,830,73
2167,821,73
2168,826,62
2169,816,68
2170,866,68
2171,863,68
2172,868,68
2173,873,68
2174,865,68
2175,856,68
2176,878,67
2177,865,67
2178,856,65
2179,844,60
2180,831,60
2181,818,60
2182,804,60
2183,821,60
2184,808,60
2185,862,60
2186,867,70
2187,880,70
2188,882,91
2189,873,91
2190,852,91
2191,866,91
2192,851,91
2193,829,91
2194,811,91
2195,796,91
2196,773,85
2197,759,85
2198,772,71
2199,757,77
2200,799,77
2201,791,77
2202,809,77
2203,805,77
2204,793,77
2205,770,77
2206,791,75
2207,785,75
2208,771,74
2209,757,69
2210,745,69
2211,732,69
2212,722,69
2213,738,69
2214,731,68
2215,764,68
2216,763,80
2217,764,80
2218,756,102
2219,748,101
2220,731,101
2221,749,101
2222,722,101
2223,701,100
2224,676,100
2225,659,100
2226,649,92
2227,637,92
2228,650,79
2229,633,86
2230,660,86
2231,652,86
2232,648,86
2233,640,86
2234,624,86
2235,604,86
2236,621,85
2237,608,85
2238,586,82
2239,561,80
2240,549,80
2241,534,80
2242,525,80
2243,531,80
2244,520,79
2245,534,79
2246,528,92
2247,523,92
2248,506,115
2249,490,115
2250,478,115
2251,509,115
2252,498,115
2253,472,115
2254,457,115
2255,436,115
2256,424,108
2257,412,108
2258,414,95
2259,405,102
2260,407,102
2261,410,102
2262,412,102
2263,411,102
2264,394,101
2265,386,101
2266,407,99
2267,400,99
2268,381,92
2269,371,87
2270,353,87
2271,340,87
2272,324,87
2273,341,87
2274,331,87
2275,333,87
2276,328,100
2277,325,100
2278,322,127
2279,309,127
2280,298,127
2281,308,127
2282,304,127
2283,293,127
2284,285,127
2285,276,127
2286,270,112
2287,263,112
2288,270,90
2289,268,96
2290,270,96
2291,262,96
2292,262,96
2293,255,96
2294,248,96
2295,246,96
2296,270,96
2297,269,96
2298,266,92
2299,260,87
2300,255,87
2301,249,87
2302,245,87
2303,258,87
2304,252,87
2305,248,87
2306,244,102
2307,241,102
2308,238,134
2309,226,130
2310,215,130
2311,234,130
2312,228,129
2313,217,129
2314,212,129
2315,207,129
2316,203,119
2317,200,119
2318,205,91
2319,200,98
2320,188,98
2321,184,98
2322,185,98
2323,182,98
2324,175,98
2325,171,97
2326,187,95
2327,185,95
2328,180,93
2329,179,90
2330,175,90
2331,169,90
2332,168,90
2333,180,90
2334,177,90
2335,178,90
2336,177,104
2337,173,104
2338,165,136
2339,159,133
2340,152,133
2341,168,132
2342,165,132
2343,162,131
2344,159,131
2345,157,131
2346,153,116
2347,153,114
2348,159,88
2349,157,96
2350,156,96
2351,155,96
2352,153,96
2353,150,96
2354,146,96
2355,144,96
2356,155,93
2357,151,93
2358,148,87
2359,142,79
2360,139,79
2361,136,78
2362,134,78
2363,143,78
2364,141,78
2365,139,77
2366,138,93
2367,136,93
2368,130,124
2369,126,123
2370,123,123
2371,139,123
2372,136,122
2373,132,122
2374,130,121
2375,128,121
2376,125,104
2377,122,103
2378,140,71
2379,139,81
2380,138,81
2381,135,81
2382,139,80
2383,136,80
2384,134,80
2385,133,80
2386,145,79
2387,140,78
2388,137,76
2389,136,66
2390,131,66
2391,129,66
2392,127,66
2393,142,66
2394,140,65
2395,139,65
2396,135,82
2397,131,82
2398,128,107
2399,126,107
2400,121,107
2401,127,107
2402,127,107
2403,124,107
2404,118,107
2405,117,107
2406,116,90
2407,116,90
2408,125,65
2409,124,73
2410,122,73
2411,117,73
2412,118,73
2413,117,72
2414,112,72
2415,112,72
2416,117,71
2417,117,71
2418,116,68
2419,116,61
2420,116,61
2421,116,61
2422,115,61
2423,127,61
2424,126,61
2425,128,61
2426,128,79
2427,128,79
2428,126,104
2429,126,103
2430,124,103
2431,134,103
2432,134,103
2433,133,102
2434,132,102
2435,132,101
2436,131,82
2437,127,81
2438,146,55
2439,146,62
2440,145,62
2441,143,61
2442,143,61
2443,143,61
2444,139,60
2445,139,60
2446,143,60
2447,141,59
2448,140,59
2449,139,52
2450,138,52
2451,137,52
2452,136,52
2453,157,52
2454,156,52
2455,158,52
2456,158,70
2457,160,70
2458,158,93
2459,157,92
2460,156,92
2461,162,91
2462,159,91
2463,157,90
2464,156,90
2465,154,89
2466,153,74
2467,150,74
2468,167,55
2469,166,60
2470,162,60
2471,160,59
2472,161,59
2473,162,59
2474,161,59
2475,160,59
2476,169,58
2477,168,58
2478,166,56
2479,165,49
2480,163,49
2481,162,49
2482,161,49
2483,189,49
2484,189,49
2485,189,49
2486,188,62
2487,190,62
2488,188,84
2489,187,84
2490,183,84
2491,190,84
2492,189,84
2493,188,84
2494,184,84
2495,182,84
2496,182,70
2497,182,70
2498,207,50
2499,205,57
2500,206,57
2501,204,57
2502,206,57
2503,205,57
2504,201,57
2505,200,57
2506,204,57
2507,203,56
2508,202,56
2509,200,49
2510,196,49
2511,194,49
2512,193,49
2513,231,49
2514,230,49
2515,229,49
2516,227,63
2517,226,63
2518,226,83
2519,225,83
2520,222,82
2521,227,82
2522,226,82
2523,223,81
2524,220,80
2525,219,80
2526,215,67
2527,213,66
2528,246,47
2529,245,51
2530,246,51
2531,243,51
2532,242,51
2533,239,51
2534,239,51
2535,235,51
2536,244,51
2537,240,51
2538,238,49
2539,238,45
2540,237,45
2541,237,45
2542,237,45
2543,270,45
2544,266,45
2545,266,45
2546,265,57
2547,269,57
2548,268,78
2549,265,78
2550,264,77
2551,270,77
2552,269,77
2553,265,76
2554,262,75
2555,258,75
2556,249,65
2557,249,65
2558,294,45
2559,293,48
2560,290,48
2561,286,48
2562,288,48
2563,288,48
2564,286,48
2565,283,48
2566,294,48
2567,292,48
2568,290,47
2569,289,44
2570,288,44
2571,285,44
2572,285,43
2573,334,42
2574,332,42
2575,334,42
2576,331,54
2577,334,54
2578,330,69
2579,326,68
2580,322,68
2581,333,68
2582,328,68
2583,325,68
2584,322,68
2585,320,68
2586,316,58
2587,315,57
2588,378,43
2589,376,47
2590,373,47
2591,368,47
2592,372,47
2593,367,47
2594,362,47
2595,360,47
2596,373,46
2597,369,46
2598,364,44
2599,360,41
2600,356,41
2601,352,41
2602,350,41
2603,403,41
2604,398,41
2605,392,41
2606,385,54
2607,393,54
2608,391,69
2609,383,68
2610,379,68
2611,386,68
2612,378,68
2613,371,68
2614,366,68
2615,362,67
2616,353,57
2617,347,57
2618,389,47
2619,385,51
2620,385,51
2621,380,51
2622,375,51
2623,372,51
2624,368,51
2625,360,51
2626,372,50
2627,370,50
2628,367,47
2629,364,44
2630,361,44
2631,357,44
2632,351,44
2633,406,44
2634,405,44
2635,405,44
2636,399,59
2637,407,59
2638,400,72
2639,394,72
2640,390,72
2641,402,72
2642,393,72
2643,385,72
2644,374,71
2645,367,71
2646,365,59
2647,362,59
2648,423,49
2649,420,53
2650,411,53
2651,401,53
2652,411,53
2653,406,53
2654,398,53
2655,394,53
2656,403,52
2657,395,52
2658,389,50
2659,384,47
2660,379,47
2661,373,47
2662,367,47
2663,413,47
2664,411,47
2665,406,47
2666,402,63
2667,404,63
2668,399,76
2669,392,75
2670,386,75
2671,388,75
2672,378,75
2673,373,75
2674,361,75
2675,357,74
2676,350,60
2677,336,60
2678,376,49
2679,368,53
2680,360,53
2681,356,53
2682,363,53
2683,361,53
2684,356,52
2685,352,52
2686,364,52
2687,360,52
2688,353,52
2689,350,48
2690,344,48
2691,333,48
2692,327,48
2693,366,48
2694,362,48
2695,358,48
2696,354,64
2697,370,64
2698,361,76
2699,358,76
2700,350,76
2701,357,76
2702,354,76
2703,350,76
2704,348,76
2705,346,76
2706,339,65
2707,338,65
2708,396,54
2709,392,58
2710,393,58
2711,388,58
2712,400,58
2713,393,58
2714,388,58
2715,384,58
2716,391,57
2717,383,57
2718,377,57
2719,368,53
2720,362,53
2721,359,53
2722,357,53
2723,408,53
2724,406,53
2725,402,53
2726,398,70
2727,410,70
2728,405,85
2729,400,83
2730,395,83
2731,399,83
2732,391,83
2733,385,83
2734,379,83
2735,372,83
2736,364,73
2737,356,73
2738,411,58
2739,411,62
2740,409,62
2741,405,62
2742,418,62
2743,414,62
2744,409,62
2745,404,62
2746,412,58
2747,410,58
2748,402,58
2749,398,56
2750,396,56
2751,390,56
2752,386,56
2753,437,56
2754,434,56
2755,431,56
2756,423,76
2757,428,76
2758,420,91
2759,413,91
2760,400,91
2761,406,91
2762,400,91
2763,392,91
2764,375,91
2765,372,91
2766,363,78
2767,361,78
2768,420,66
2769,418,70
2770,416,70
2771,406,70
2772,420,70
2773,409,70
2774,404,70
2775,398,70
2776,397,69
2777,393,69
2778,387,67
2779,378,65
2780,371,65
2781,366,65
2782,359,65
2783,401,65
2784,396,65
2785,394,64
2786,389,83
2787,405,82
2788,403,98
2789,394,98
2790,388,98
2791,385,98
2792,383,98
2793,375,98
2794,367,98
2795,358,98
2796,352,80
2797,340,80
2798,371,67
2799,368,71
2800,367,71
2801,360,71
2802,383,71
2803,380,71
2804,376,71
2805,368,71
2806,371,69
2807,363,69
2808,360,68
2809,352,66
2810,344,66
2811,339,66
2812,335,66
2813,390,65
2814,388,65
2815,388,65
2816,381,86
2817,401,86
2818,396,101
2819,387,101
2820,377,101
2821,381,101
2822,371,101
2823,363,101
2824,353,100
2825,343,100
2826,337,82
2827,331,82
2828,379,69
2829,371,72
2830,362,72
2831,346,72
2832,367,72
2833,362,72
2834,355,72
2835,341,72
2836,333,71
2837,319,71
2838,311,69
2839,302,64
2840,288,64
2841,279,64
2842,276,64
2843,320,64
2844,316,64
2845,313,62
2846,312,85
2847,320,85
2848,309,101
2849,299,101
2850,290,101
2851,283,101
2852,276,101
2853,267,101
2854,258,100
2855,250,100
2856,246,80
2857,238,80
2858,265,64
2859,258,70
2860,259,70
2861,254,70
2862,264,70
2863,260,70
2864,253,70
2865,248,70
2866,242,68
2867,236,68
2868,228,67
2869,224,63
2870,217,63
2871,214,63
2872,210,63
2873,241,63
2874,241,62
2875,241,62
2876,240,84
2877,245,84
2878,244,101
2879,237,101
2880,236,101
2881,235,101
2882,229,101
2883,226,101
2884,223,100
2885,215,100
2886,214,80
2887,211,80
2888,258,66
2889,255,72
2890,251,72
2891,246,72
2892,245,72
2893,243,72
2894,235,72
2895,231,72
2896,228,69
2897,222,68
2898,218,66
2899,214,61
2900,213,61
2901,208,61
2902,201,61
2903,245,61
2904,245,61
2905,244,61
2906,242,82
2907,248,82
2908,241,100
2909,235,98
2910,230,98
2911,229,98
2912,221,98
2913,217,98
2914,213,98
2915,210,98
2916,203,81
2917,200,81
2918,234,70
2919,231,78
2920,228,78
2921,226,78
2922,225,77
2923,221,76
2924,219,76
2925,217,75
2926,216,72
2927,214,71
2928,213,68
2929,211,60
2930,207,59
2931,202,59
2932,199,59
2933,243,59
2934,241,59
2935,233,59
2936,228,77
2937,230,77
2938,226,93
2939,221,93
2940,212,93
2941,206,92
2942,201,92
2943,197,92
2944,191,92
2945,189,92
2946,184,71
2947,180,71
2948,222,60
2949,221,66
2950,215,66
2951,212,65
2952,213,65
2953,210,65
2954,209,63
2955,208,63
2956,208,62
2957,203,61
2958,198,59
2959,196,54
2960,193,54
2961,187,54
2962,185,54
2963,221,54
2964,216,54
2965,214,54
2966,210,74
2967,208,74
2968,206,87
2969,200,85
2970,194,85
2971,196,85
2972,195,85
2973,193,85
2974,187,85
2975,181,84
2976,178,65
2977,175,65
2978,206,56
2979,203,62
2980,199,62
2981,197,62
2982,197,62
2983,195,62
2984,189,62
2985,184,62
2986,184,61
2987,180,61
2988,179,56
2989,176,52
2990,173,51
2991,168,51
2992,168,51
2993,206,51
2994,206,51
2995,203,51
2996,202,67
2997,196,67
2998,193,80
2999,191,79
3000,190,79
3001,191,79
3002,186,79
3003,182,79
3004,176,78
3005,172,78
3006,168,62
3007,168,62
3008,204,49
3009,203,55
3010,199,54
3011,195,54
3012,194,54
3013,191,54
3014,189,53
3015,182,53
3016,180,52
3017,180,52
3018,176,50
3019,172,47
3020,169,47
3021,167,47
3022,163,47
3023,192,46
3024,188,46
3025,186,46
3026,183,62
3027,181,62
3028,178,75
3029,174,73
3030,172,73
3031,173,73
3032,171,73
3033,169,73
3034,168,73
3035,165,73
3036,163,60
3037,161,59
3038,202,50
3039,202,56
3040,198,56
3041,195,56
3042,192,55
3043,188,55
3044,181,55
3045,175,55
3046,175,53
3047,172,53
3048,170,49
3049,168,46
3050,166,46
3051,165,46
3052,164,46
3053,204,46
3054,202,46
3055,199,46
3056,198,61
3057,198,60
3058,196,72
3059,196,71
3060,196,71
3061,194,71
3062,188,71
3063,185,71
3064,185,70
3065,181,70
3066,177,56
3067,174,56
3068,210,45
3069,209,49
3070,203,49
3071,200,49
3072,200,49
3073,197,49
3074,196,49
3075,194,49
3076,192,49
3077,191,49
3078,190,49
3079,187,45
3080,185,45
3081,184,45
3082,184,44
3083,224,44
3084,220,44
3085,215,44
3086,212,56
3087,209,56
3088,206,70
3089,200,67
3090,198,67
3091,194,66
3092,189,66
3093,185,66
3094,183,66
3095,179,65
3096,177,55
3097,174,55
3098,211,47
3099,207,52
3100,199,52
3101,193,52
3102,187,52
3103,185,52
3104,182,52
3105,181,51
3106,177,50
3107,175,50
3108,175,48
3109,173,45
3110,171,45
3111,170,45
3112,168,45
3113,217,45
3114,216,45
3115,213,44
3116,213,56
3117,211,56
3118,208,68
3119,203,68
3120,201,68
3121,199,68
3122,198,68
3123,198,68
3124,195,68
3125,189,68
3126,186,57
3127,183,57
3128,220,46
3129,219,51
3130,217,51
3131,217,51
3132,214,51
3133,213,51
3134,212,51
3135,208,51
3136,209,50
3137,209,50
3138,207,48
3139,206,44
3140,204,44
3141,202,44
3142,201,44
3143,243,44
3144,242,44
3145,237,43
3146,234,52
3147,234,52
3148,233,62
3149,232,60
3150,232,60
3151,233,60
3152,230,60
3153,228,60
3154,225,60
3155,223,60
3156,223,49
3157,222,49
3158,288,38
3159,287,44
3160,285,44
3161,283,44
3162,283,43
3163,283,43
3164,281,43
3165,281,42
3166,281,42
3167,279,42
3168,279,42
3169,279,36
3170,279,36
3171,278,36
3172,276,36
3173,356,36
3174,355,36
3175,353,36
3176,353,45
3177,352,45
3178,351,57
3179,348,57
3180,345,57
3181,338,57
3182,334,57
3183,330,57
3184,326,56
3185,320,56
3186,318,49
3187,315,49
3188,382,40
3189,376,45
3190,370,45
3191,367,45
3192,366,45
3193,360,45
3194,356,45
3195,349,45
3196,350,44
3197,349,44
3198,349,42
3199,346,38
3200,343,38
3201,340,38
3202,340,38
3203,410,38
3204,407,38
3205,404,38
3206,401,46
3207,399,46
3208,398,57
3209,397,56
3210,394,56
3211,390,56
3212,382,56
3213,380,56
3214,379,56
3215,373,56
3216,372,46
3217,368,46
3218,453,39
3219,452,44
3220,442,44
3221,438,44
3222,438,44
3223,433,44
3224,433,44
3225,430,44
3226,428,44
3227,425,44
3228,422,40
3229,416,36
3230,413,36
3231,410,36
3232,408,36
3233,506,36
3234,504,36
3235,496,36
3236,491,46
3237,490,46
3238,485,56
3239,480,56
3240,475,56
3241,475,56
3242,467,56
3243,460,56
3244,454,56
3245,450,56
3246,445,49
3247,440,49
3248,535,42
3249,532,47
3250,520,47
3251,509,47
3252,508,47
3253,506,47
3254,500,47
3255,496,47
3256,492,46
3257,487,46
3258,483,44
3259,478,41
3260,473,41
3261,466,41
3262,461,41
3263,566,41
3264,563,41
3265,559,41
3266,555,51
3267,549,51
3268,543,60
3269,538,60
3270,532,60
3271,529,60
3272,524,60
3273,515,60
3274,505,60
3275,495,60
3276,482,56
3277,474,56
3278,587,49
3279,583,54
3280,571,54
3281,561,54
3282,553,54
3283,549,54
3284,540,54
3285,531,54
3286,523,54
3287,513,54
3288,505,52
3289,503,51
3290,498,51
3291,491,51
3292,484,51
3293,602,51
3294,599,51
3295,595,51
3296,587,60
3297,586,60
3298,579,70
3299,572,69
3300,564,68
3301,561,68
3302,546,68
3303,538,68
3304,525,68
3305,516,67
3306,507,63
3307,497,63
3308,606,57
3309,604,60
3310,593,60
3311,584,60
3312,576,60
3313,565,60
3314,561,60
3315,555,60
3316,546,58
3317,539,58
3318,535,57
3319,532,55
3320,528,55
3321,521,55
3322,511,55
3323,634,55
3324,629,55
3325,618,55
3326,603,65
3327,594,65
3328,580,75
3329,566,74
3330,556,74
3331,549,74
3332,540,74
3333,523,74
3334,518,74
3335,510,74
3336,504,68
3337,500,68
3338,604,62
3339,599,68
3340,591,68
3341,574,68
3342,571,68
3343,559,68
3344,547,68
3345,539,68
3346,533,67
3347,524,67
3348,513,65
3349,508,63
3350,499,63
3351,492,63
3352,479,63
3353,585,63
3354,578,63
3355,569,63
3356,555,75
3357,546,75
3358,541,86
3359,534,85
3360,527,85
3361,525,85
3362,516,85
3363,500,85
3364,483,85
3365,476,85
3366,468,76
3367,461,76
3368,556,70
3369,555,75
3370,543,75
3371,539,75
3372,533,75
3373,522,75
3374,511,75
3375,503,75
3376,498,71
3377,493,71
3378,479,67
3379,470,60
3380,457,60
3381,451,60
3382,441,60
3383,526,60
3384,523,60
3385,516,60
3386,513,76
3387,508,76
3388,502,86
3389,489,85
3390,481,85
3391,473,85
3392,463,85
3393,447,85
3394,435,85
3395,430,85
3396,423,76
3397,419,76
3398,526,68
3399,523,74
3400,517,74
3401,508,74
3402,507,74
3403,503,74
3404,497,74
3405,489,74
3406,485,68
3407,478,68
3408,471,66
3409,464,61
3410,455,61
3411,449,61
3412,438,61
3413,535,61
3414,531,61
3415,517,61
3416,504,78
3417,505,78
3418,496,92
3419,482,91
3420,473,91
3421,473,91
3422,467,91
3423,453,91
3424,444,91
3425,431,91
3426,425,85
3427,415,85
3428,507,75
3429,491,81
3430,485,81
3431,473,81
3432,467,81
3433,455,81
3434,447,81
3435,434,81
3436,427,78
3437,418,78
3438,405,76
3439,397,74
3440,386,74
3441,378,74
3442,372,74
3443,450,74
3444,440,74
3445,429,74
3446,417,93
3447,417,93
3448,406,107
3449,394,103
3450,380,103
3451,365,103
3452,352,103
3453,343,103
3454,338,103
3455,330,103
3456,317,93
3457,310,93
3458,371,85
3459,370,91
3460,365,91
3461,361,91
3462,358,91
3463,353,91
3464,341,91
3465,339,91
3466,337,83
3467,325,83
3468,316,78
3469,310,73
3470,303,73
3471,290,73
3472,282,73
3473,336,73
3474,333,73
3475,322,73
3476,317,91
3477,316,91
3478,309,106
3479,297,106
3480,287,105
3481,282,105
3482,269,105
3483,261,105
3484,254,105
3485,244,104
3486,239,87
3487,233,87
3488,278,73
3489,273,79
3490,270,79
3491,260,78
3492,259,78
3493,250,78
3494,244,78
3495,236,78
3496,232,74
3497,229,74
3498,223,71
3499,215,66
3500,211,66
3501,202,66
3502,197,66
3503,241,66
3504,239,66
3505,231,66
3506,226,86
3507,221,86
3508,213,101
3509,205,101
3510,202,101
3511,197,101
3512,190,101
3513,185,101
3514,183,101
3515,177,101
3516,171,85
3517,165,85
3518,196,71
3519,193,75
3520,191,75
3521,190,75
3522,190,75
3523,187,75
3524,184,75
3525,180,75
3526,178,71
3527,176,71
3528,171,69
3529,167,65
3530,167,65
3531,165,65
3532,162,65
3533,203,65
3534,203,65
3535,201,65
3536,199,88
3537,201,88
3538,197,105
3539,196,105
3540,192,105
3541,193,105
3542,190,105
3543,186,105
3544,182,105
3545,177,105
3546,175,84
3547,171,83
3548,204,68
3549,200,73
3550,197,73
3551,192,73
3552,188,73
3553,186,73
3554,184,73
3555,179,72
3556,176,69
3557,175,69
3558,168,64
3559,165,63
3560,164,63
3561,161,63
3562,158,63
3563,199,62
3564,196,62
3565,194,62
3566,188,84
3567,186,84
3568,181,100
3569,176,96
3570,174,95
3571,176,95
3572,169,94
3573,162,94
3574,160,93
3575,156,93
3576,149,73
3577,149,73
3578,184,59
3579,181,66
3580,180,66
3581,176,66
3582,174,65
3583,172,64
3584,170,63
3585,169,63
3586,165,61
3587,164,61
3588,162,58
3589,159,52
3590,157,52
3591,153,51
3592,153,50
3593,184,50
3594,181,49
3595,181,49
3596,178,66
3597,176,66
3598,172,78
3599,167,77
3600,166,77
3601,165,77
3602,161,77
3603,159,77
3604,157,77
3605,154,77
3606,154,62
3607,154,62
3608,185,54
3609,185,61
3610,185,61
3611,183,60
3612,183,60
3613,183,60
3614,181,60
3615,178,60
3616,178,57
3617,178,57
3618,176,54
3619,176,49
3620,172,49
3621,168,49
3622,164,49
3623,198,49
3624,196,48
3625,193,48
3626,187,65
3627,186,65
3628,186,73
3629,185,72
3630,183,72
3631,181,71
3632,177,71
3633,175,71
3634,170,71
3635,169,70
3636,167,52
3637,166,52
3638,210,42
3639,210,49
3640,208,49
3641,207,49
3642,208,49
3643,206,48
3644,206,48
3645,206,48
3646,206,47
3647,205,46
3648,203,44
3649,200,37
3650,199,37
3651,196,37
3652,196,37
3653,248,37
3654,247,37
3655,245,37
3656,245,53
3657,245,53
3658,244,61
3659,243,61
3660,240,60
3661,236,59
3662,233,59
3663,229,59
3664,226,59
3665,223,59
3666,220,46
3667,218,46
3668,263,41
3669,263,49
3670,261,49
3671,260,49
3672,257,49
3673,255,49
3674,253,49
3675,251,49
3676,252,47
3677,247,47
3678,242,45
3679,240,38
3680,240,38
3681,239,38
3682,238,38
3683,293,38
3684,293,38
3685,289,38
3686,287,50
3687,285,50
3688,282,58
3689,282,58
3690,279,57
3691,278,57
3692,277,57
3693,277,57
3694,273,57
3695,273,57
3696,271,45
3697,270,45
3698,344,36
3699,343,43
3700,341,43
3701,339,43
3702,337,43
3703,336,43
3704,332,43
3705,328,43
3706,330,42
3707,328,42
3708,323,41
3709,323,34
3710,323,33
3711,322,33
3712,321,33
3713,403,33
3714,402,33
3715,402,33
3716,399,46
3717,399,46
3718,399,53
3719,397,53
3720,394,53
3721,395,53
3722,389,53
3723,389,53
3724,388,53
3725,383,53
3726,382,42
3727,380,42
3728,464,35
3729,464,42
3730,464,41
3731,464,41
3732,464,41
3733,462,41
3734,461,41
3735,460,41
3736,459,41
3737,455,41
3738,454,41
3739,452,36
3740,450,36
3741,448,36
3742,444,36
3743,552,36
3744,552,36
3745,551,35
3746,548,46
3747,546,46
3748,545,54
3749,543,52
3750,541,52
3751,539,52
3752,536,52
3753,534,52
3754,533,52
3755,528,51
3756,523,43
3757,523,43
3758,662,35
3759,661,42
3760,658,42
3761,653,42
3762,652,42
3763,645,42
3764,642,42
3765,641,42
3766,641,40
3767,636,40
3768,633,39
3769,630,33
3770,629,33
3771,625,33
3772,621,33
3773,774,33
3774,770,33
3775,768,33
3776,766,42
3777,765,42
3778,760,50
3779,757,49
3780,751,49
3781,751,49
3782,744,49
3783,736,49
3784,729,49
3785,721,47
3786,715,40
3787,710,40
3788,884,34
3789,882,41
3790,872,40
3791,866,40
3792,863,40
3793,852,39
3794,844,39
3795,839,38
3796,834,38
3797,827,38
3798,820,38
3799,814,32
3800,805,32
3801,791,32
3802,783,32
3803,960,32
3804,956,31
3805,935,31
3806,926,39
3807,921,39
3808,914,44
3809,906,44
3810,896,44
3811,885,44
3812,879,44
3813,870,44
3814,866,44
3815,860,44
3816,852,39
3817,843,39
3818,998,37
3819,995,42
3820,985,42
3821,972,42
3822,970,42
3823,959,41
3824,950,41
3825,944,41
3826,940,41
3827,926,41
3828,909,39
3829,901,37
3830,885,37
3831,875,37
3832,864,37
3833,993,37
3834,993,37
3835,974,37
3836,960,47
3837,954,47
3838,935,51
3839,916,51
3840,902,51
3841,896,51
3842,886,51
3843,873,51
3844,864,51
3845,855,51
3846,840,48
3847,832,48
3848,981,45
3849,980,51
3850,966,51
3851,953,51
3852,939,51
3853,930,51
3854,917,51
3855,905,51
3856,900,50
3857,886,50
3858,877,48
3859,870,43
3860,865,43
3861,856,43
3862,843,43
3863,961,43
3864,958,43
3865,949,42
3866,940,52
3867,934,52
3868,925,56
3869,913,56
3870,897,56
3871,886,56
3872,873,56
3873,859,56
3874,847,56
3875,831,56
3876,813,50
3877,797,50
3878,916,49
3879,914,56
3880,903,56
3881,896,56
3882,893,56
3883,886,56
3884,880,56
3885,870,56
3886,858,56
3887,843,56
3888,834,55
3889,824,52
3890,816,52
3891,803,52
3892,793,52
3893,919,52
3894,919,52
3895,907,52
3896,897,64
3897,885,64
3898,873,68
3899,861,66
3900,851,66
3901,843,66
3902,830,66
3903,816,66
3904,808,66
3905,803,66
3906,792,59
3907,785,58
3908,911,57
3909,909,63
3910,898,63
3911,884,63
3912,870,63
3913,853,63
3914,845,63
3915,830,63
3916,808,62
3917,794,62
3918,781,60
3919,761,55
3920,746,55
3921,738,55
3922,726,55
3923,857,55
3924,860,55
3925,841,55
3926,833,68
3927,824,68
3928,812,74
3929,795,73
3930,789,73
3931,782,73
3932,764,73
3933,755,73
3934,742,72
3935,729,72
3936,711,67
3937,702,67
3938,860,62
3939,859,68
3940,847,68
3941,837,68
3942,832,68
3943,822,68
3944,808,68
3945,795,68
3946,781,66
3947,766,66
3948,752,66
3949,738,62
3950,718,62
3951,697,62
3952,679,62
3953,834,62
3954,830,62
3955,814,62
3956,804,76
3957,790,76
3958,767,81
3959,750,79
3960,728,79
3961,713,79
3962,697,79
3963,682,79
3964,670,79
3965,657,79
3966,645,71
3967,629,71
3968,762,70
3969,753,76
3970,733,76
3971,718,76
3972,697,76
3973,680,76
3974,655,76
3975,641,76
3976,623,74
3977,614,74
3978,600,72
3979,589,67
3980,578,67
3981,571,67
3982,557,67
3983,685,67
3984,684,67
3985,675,67
3986,659,85
3987,643,85
3988,625,89
3989,610,88
3990,596,88
3991,586,88
3992,573,88
3993,561,88
3994,550,88
3995,544,88
3996,533,77
3997,528,77
3998,636,73
3999,633,82
4000,617,82
4001,603,82
4002,592,82
4003,575,82
4004,556,82
4005,547,82
4006,540,78
4007,529,78
4008,516,76
4009,502,70
4010,490,70
4011,470,70
4012,454,70
4013,537,70
4014,536,70
4015,518,70
4016,510,95
4017,499,95
4018,478,101
4019,464,99
4020,445,99
4021,435,99
4022,425,99
4023,415,99
4024,405,99
4025,395,99
4026,389,89
4027,377,89
4028,462,87
4029,462,97
4030,447,97
4031,431,97
4032,419,97
4033,411,97
4034,394,97
4035,387,96
4036,380,94
4037,374,94
4038,364,94
4039,355,88
4040,345,88
4041,340,88
4042,336,88
4043,410,88
4044,405,88
4045,400,88
4046,392,114
4047,385,114
4048,372,120
4049,354,119
4050,339,119
4051,329,119
4052,319,119
4053,314,119
4054,305,119
4055,294,119
4056,283,99
4057,275,99
4058,330,94
4059,324,104
4060,312,104
4061,306,104
4062,301,104
4063,298,104
4064,293,103
4065,283,103
4066,279,96
4067,276,96
4068,274,94
4069,263,87
4070,256,87
4071,248,87
4072,238,87
4073,297,87
4074,294,87
4075,284,87
4076,275,119
4077,274,119
4078,271,127
4079,266,127
4080,261,127
4081,258,127
4082,253,126
4083,248,126
4084,241,126
4085,239,126
4086,235,94
4087,229,94
4088,283,88
4089,282,96
4090,277,96
4091,268,96
4092,262,96
4093,256,96
4094,251,96
4095,244,96
4096,238,93
4097,237,93
4098,233,92
4099,232,81
4100,228,81
4101,225,81
4102,220,81
4103,269,80
4104,268,80
4105,265,80
4106,263,113
4107,260,113
4108,256,120
4109,249,119
4110,245,119
4111,240,119
4112,236,119
4113,232,117
4114,227,117
4115,226,117
4116,222,87
4117,221,87
4118,278,80
4119,274,92
4120,270,92
4121,264,92
4122,259,92
4123,255,92
4124,244,92
4125,241,91
4126,235,90
4127,230,89
4128,222,86
4129,218,75
4130,216,74
4131,214,74
4132,212,74
4133,264,74
4134,259,74
4135,253,74
4136,247,107
4137,239,107
4138,233,116
4139,228,115
4140,219,115
4141,212,115
4142,206,115
4143,201,115
4144,196,115
4145,187,114
4146,179,86
4147,175,86
4148,216,81
4149,214,92
4150,207,92
4151,205,92
4152,200,92
4153,200,91
4154,197,90
4155,192,90
4156,184,86
4157,182,86
4158,179,85
4159,174,74
4160,172,74
4161,168,74
4162,163,74
4163,205,74
4164,201,74
4165,199,74
4166,195,110
4167,193,108
4168,188,117
4169,186,117
4170,181,117
4171,174,116
4172,169,114
4173,161,112
4174,158,112
4175,156,111
4176,154,79
4177,151,79
4178,180,73
4179,179,82
4180,175,82
4181,171,81
4182,169,81
4183,167,81
4184,162,81
4185,158,81
4186,157,77
4187,152,77
4188,148,72
4189,144,64
4190,144,64
4191,139,64
4192,137,64
4193,168,64
4194,165,64
4195,162,64
4196,159,95
4197,158,95
4198,156,103
4199,155,102
4200,151,102
4201,144,102
4202,141,102
4203,138,102
4204,132,101
4205,129,100
4206,127,72
4207,124,72
4208,158,64
4209,155,73
4210,150,73
4211,148,73
4212,144,73
4213,140,73
4214,137,72
4215,137,72
4216,134,71
4217,134,71
4218,132,70
4219,130,60
4220,127,60
4221,123,60
4222,120,60
4223,155,60
4224,154,60
4225,149,60
4226,148,92
4227,144,91
4228,138,97
4229,136,96
4230,130,96
4231,124,96
4232,118,96
4233,118,96
4234,117,96
4235,115,96
4236,107,68
4237,106,68
4238,133,63
4239,132,72
4240,128,72
4241,125,72
4242,124,72
4243,119,72
4244,116,72
4245,115,71
4246,112,69
4247,109,69
4248,108,69
4249,106,61
4250,103,61
4251,103,61
4252,103,61
4253,125,61
4254,125,61
4255,123,61
4256,121,93
4257,121,93
4258,120,101
4259,118,100
4260,117,100
4261,115,100
4262,114,99
4263,111,99
4264,106,99
4265,104,99
4266,103,69
4267,100,69
4268,125,61
4269,124,69
4270,122,69
4271,119,69
4272,116,69
4273,116,69
4274,116,68
4275,116,68
4276,115,66
4277,114,66
4278,113,65
4279,112,58
4280,110,58
4281,108,57
4282,107,57
4283,132,56
4284,131,56
4285,130,56
4286,128,86
4287,125,86
4288,124,92
4289,123,91
4290,122,91
4291,118,91
4292,117,91
4293,116,91
4294,113,91
4295,113,91
4296,113,63
4297,111,62
4298,139,55
4299,138,63
4300,133,63
4301,131,63
4302,125,63
4303,122,63
4304,118,62
4305,117,62
4306,113,61
4307,110,61
4308,109,61
4309,107,53
4310,104,53
4311,102,53
4312,100,53
4313,122,52
4314,121,52
4315,118,50
4316,117,76
4317,114,76
4318,112,82
4319,110,81
4320,107,81
4321,104,81
4322,98,81
4323,97,81
4324,95,81
4325,95,81
4326,94,55
4327,92,55
4328,117,51
4329,116,59
4330,113,58
4331,111,57
4332,110,57
4333,109,57
4334,107,57
4335,105,56
4336,103,56
4337,102,56
4338,101,54
4339,100,46
4340,100,46
4341,100,46
4342,98,46
4343,129,46
4344,129,46
4345,127,45
4346,126,71
4347,126,71
4348,126,75
4349,124,75
4350,123,75
4351,122,75
4352,121,75
4353,120,75
4354,120,75
4355,120,75
4356,119,49
4357,117,49
4358,141,45
4359,139,52
4360,137,52
4361,136,52
4362,134,52
4363,133,52
4364,133,52
4365,133,51
4366,132,50
4367,131,50
4368,129,50
4369,129,43
4370,126,43
4371,126,43
4372,125,43
4373,152,43
4374,151,43
4375,150,43
4376,148,69
4377,146,68
4378,146,71
4379,144,71
4380,143,71
4381,142,71
4382,140,71
4383,139,71
4384,138,71
4385,132,71
4386,132,46
4387,130,46
4388,162,43
4389,160,48
4390,158,47
4391,157,47
4392,154,47
4393,153,47
4394,152,47
4395,148,47
4396,146,46
4397,145,46
4398,143,45
4399,143,40
4400,140,39
4401,140,39
4402,139,39
4403,169,39
4404,169,39
4405,166,39
4406,164,64
4407,162,64
4408,158,68
4409,155,68
4410,155,67
4411,155,67
4412,152,67
4413,151,67
4414,148,67
4415,145,67
4416,143,43
4417,139,42
4418,173,39
4419,172,42
4420,170,42
4421,169,42
4422,167,42
4423,165,42
4424,163,42
4425,163,42
4426,163,41
4427,161,41
4428,160,41
4429,160,38
4430,157,38
4431,157,38
4432,156,38
4433,206,38
4434,206,38
4435,204,38
4436,203,63
4437,201,63
4438,198,66
4439,193,65
4440,192,65
4441,190,65
4442,186,65
4443,182,65
4444,179,65
4445,178,65
4446,175,46
4447,175,46
4448,216,43
4449,213,46
4450,211,46
4451,208,46
4452,206,46
4453,202,46
4454,201,46
4455,198,46
4456,195,42
4457,191,42
4458,189,42
4459,187,39
4460,185,39
4461,184,39
4462,182,38
4463,224,38
4464,223,38
4465,219,38
4466,215,61
4467,213,61
4468,211,64
4469,207,64
4470,202,64
4471,198,64
4472,198,64
4473,194,64
4474,190,63
4475,187,63
4476,181,42
4477,177,42
4478,225,41
4479,224,44
4480,220,43
4481,219,43
4482,214,43
4483,208,43
4484,206,43
4485,204,43
4486,199,40
4487,196,40
4488,192,39
4489,190,36
4490,188,36
4491,188,36
4492,187,36
4493,237,36
4494,234,36
4495,231,36
4496,230,59
4497,229,59
4498,227,62
4499,225,62
4500,222,62
4501,216,62
4502,216,61
4503,214,61
4504,212,60
4505,206,60
4506,202,43
4507,200,43
4508,241,41
4509,240,43
4510,238,43
4511,236,43
4512,236,43
4513,235,43
4514,232,43
4515,229,42
4516,223,35
4517,219,34
4518,218,34
4519,215,31
4520,215,31
4521,213,31
4522,211,31
4523,260,31
4524,258,31
4525,257,30
4526,255,48
4527,253,48
4528,252,50
4529,251,50
4530,250,50
4531,246,50
4532,244,50
4533,242,50
4534,240,50
4535,238,50
4536,238,34
4537,238,34
4538,301,34
4539,300,37
4540,298,37
4541,298,37
4542,297,37
4543,294,37
4544,294,37
4545,292,37
4546,292,37
4547,290,37
4548,290,36
4549,290,33
4550,289,33
4551,287,33
4552,286,33
4553,362,33
4554,362,33
4555,361,33
4556,358,51
4557,357,51
4558,352,54
4559,352,54
4560,350,54
4561,350,54
4562,349,54
4563,348,53
4564,348,53
4565,347,53
4566,343,37
4567,342,37
4568,429,34
4569,428,36
4570,428,36
4571,427,36
4572,426,36
4573,423,36
4574,422,36
4575,421,36
4576,421,34
4577,419,34
4578,419,32
4579,418,30
4580,417,30
4581,415,30
4582,414,30
4583,526,30
4584,526,30
4585,526,30
4586,524,48
4587,522,48
4588,521,50
4589,518,50
4590,517,50
4591,513,50
4592,509,50
4593,505,50
4594,503,48
4595,502,47
4596,498,31
4597,496,31
4598,616,29
4599,614,31
4600,612,30
4601,609,30
4602,606,30
4603,603,30
4604,600,30
4605,596,29
4606,596,27
4607,589,27
4608,589,27
4609,580,25
4610,577,25
4611,571,25
4612,567,25
4613,711,25
4614,709,25
4615,703,25
4616,699,39
4617,694,39
4618,687,42
4619,686,42
4620,678,42
4621,672,42
4622,665,42
4623,662,42
4624,655,42
4625,649,42
4626,640,35
4627,635,35
4628,798,34
4629,795,36
4630,789,36
4631,782,36
4632,774,36
4633,768,36
4634,763,36
4635,756,36
4636,748,33
4637,742,33
4638,737,33
4639,733,31
4640,730,31
4641,723,31
4642,719,31
4643,896,31
4644,893,31
4645,886,30
4646,881,44
4647,875,44
4648,870,47
4649,866,47
4650,858,47
4651,850,47
4652,836,47
4653,831,47
4654,823,47
4655,814,47
4656,804,38
4657,797,38
4658,972,37
4659,964,39
4660,953,39
4661,946,39
4662,934,39
4663,924,39
4664,907,39
4665,898,38
4666,890,37
4667,881,37
4668,867,36
4669,861,34
4670,853,34
4671,838,34
4672,828,34
4673,989,34
4674,985,34
4675,978,34
4676,964,48
4677,947,48
4678,930,51
4679,915,51
4680,905,51
4681,888,51
4682,880,51
4683,869,51
4684,860,51
4685,851,50
4686,844,45
4687,835,45
4688,978,42
4689,977,43
4690,969,43
4691,959,43
4692,946,43
4693,929,43
4694,917,43
4695,905,43
4696,892,40
4697,877,40
4698,865,40
4699,855,39
4700,846,39
4701,833,39
4702,823,39
4703,969,39
4704,973,39
4705,961,39
4706,947,53
4707,926,53
4708,903,57
4709,884,57
4710,865,57
4711,845,57
4712,828,57
4713,810,57
4714,796,57
4715,785,57
4716,777,50
4717,772,50
4718,916,48
4719,925,49
4720,910,49
4721,897,49
4722,883,49
4723,863,49
4724,845,49
4725,822,49
4726,807,47
4727,794,47
4728,782,46
4729,776,46
4730,766,46
4731,756,46
4732,741,46
4733,867,46
4734,879,46
4735,878,45
4736,874,61
4737,859,61
4738,842,66
4739,820,66
4740,797,66
4741,774,66
4742,752,66
4743,736,66
4744,719,66
4745,702,66
4746,685,61
4747,670,61
4748,812,59
4749,810,60
4750,796,60
4751,766,60
4752,756,60
4753,737,60
4754,725,60
4755,711,60
4756,694,56
4757,683,56
4758,667,56
4759,658,56
4760,653,56
4761,639,56
4762,628,56
4763,761,56
4764,762,56
4765,749,56
4766,739,75
4767,726,75
4768,711,81
4769,698,80
4770,678,80
4771,662,80
4772,651,80
4773,640,80
4774,630,79
4775,620,79
4776,603,67
4777,592,67
4778,721,62
4779,724,63
4780,710,63
4781,699,63
4782,681,63
4783,670,63
4784,657,63
4785,643,63
4786,634,61
4787,629,61
4788,623,61
4789,617,60
4790,611,60
4791,600,60
4792,594,60
4793,759,60
4794,752,60
4795,745,60
4796,740,82
4797,733,82
4798,722,87
4799,710,87
4800,700,87
4801,689,87
4802,670,87
4803,658,87
4804,647,87
4805,633,87
4806,620,78
4807,606,78
4808,751,76
4809,744,77
4810,734,77
4811,727,77
4812,720,77
4813,712,77
4814,706,77
4815,687,77
4816,678,74
4817,672,74
4818,662,70
4819,653,70
4820,647,70
4821,636,70
4822,630,70
4823,768,70
4824,767,70
4825,758,70
4826,750,98
4827,740,98
4828,732,106
4829,723,104
4830,711,104
4831,698,104
4832,687,104
4833,678,104
4834,666,104
4835,658,104
4836,651,83
4837,642,83
4838,794,79
4839,790,80
4840,779,80
4841,769,80
4842,759,80
4843,750,80
4844,740,80
4845,727,80
4846,715,75
4847,706,75
4848,693,73
4849,685,72
4850,676,72
4851,668,72
4852,660,72
4853,839,72
4854,839,72
4855,828,72
4856,818,104
4857,799,104
4858,778,114
4859,765,114
4860,747,114
4861,741,114
4862,727,114
4863,715,114
4864,710,114
4865,699,114
4866,685,94
4867,674,94
4868,832,84
4869,829,85
4870,816,85
4871,806,85
4872,788,85
4873,776,85
4874,765,85
4875,750,84
4876,733,79
4877,721,79
4878,709,79
4879,700,78
4880,688,78
4881,678,78
4882,670,78
4883,829,78
4884,825,78
4885,813,78
4886,809,118
4887,799,118
4888,787,125
4889,769,124
4890,751,124
4891,734,124
4892,719,124
4893,709,124
4894,696,124
4895,688,124
4896,680,98
4897,667,98
4898,819,91
4899,812,91
4900,798,91
4901,787,91
4902,778,91
4903,770,91
4904,758,91
4905,752,91
4906,738,87
4907,722,87
4908,713,87
4909,702,87
4910,688,87
4911,676,87
4912,663,87
4913,818,87
4914,816,85
4915,808,85
4916,799,126
4917,780,126
4918,765,133
4919,751,133
4920,732,133
4921,720,133
4922,712,133
4923,700,133
4924,687,133
4925,673,132
4926,655,102
4927,645,102
4928,789,95
4929,779,95
4930,763,95
4931,741,95
4932,724,95
4933,706,95
4934,687,95
4935,678,94
4936,658,90
4937,648,90
4938,636,90
4939,629,90
4940,619,89
4941,607,88
4942,596,88
4943,745,88
4944,735,87
4945,713,87
4946,700,128
4947,675,128
4948,664,134
4949,648,134
4950,636,133
4951,618,133
4952,606,133
4953,591,133
4954,571,132
4955,557,131
4956,539,103
4957,521,103
4958,636,98
4959,631,98
4960,612,98
4961,598,98
4962,579,97
4963,564,97
4964,555,97
4965,541,97
4966,528,87
4967,522,87
4968,516,86
4969,500,86
4970,490,86
4971,480,86
4972,467,86
4973,584,86
4974,581,86
4975,576,85
4976,562,130
4977,542,130
4978,524,138
4979,505,138
4980,488,138
4981,474,138
4982,458,138
4983,438,138
4984,420,138
4985,410,138
4986,397,101
4987,384,101
4988,459,94
4989,452,94
4990,437,94
4991,427,94
4992,416,94
4993,404,94
4994,391,94
4995,376,94
4996,369,91
4997,362,91
4998,349,91
4999,343,91
5000,337,91
