1,400,105
2,363,102
3,348,103
4,326,104
5,319,103
6,305,102
7,292,104
8,278,107
9,267,107
10,261,109
11,253,109
12,244,109
13,238,109
14,223,113
15,212,110
16,309,108
17,301,102
18,293,101
19,278,102
20,266,103
21,257,100
22,252,96
23,244,96
24,234,91
25,225,88
26,218,86
27,214,87
28,210,84
29,204,78
30,197,74
31,245,72
32,237,69
33,232,67
34,224,65
35,215,65
36,211,64
37,208,63
38,201,65
39,198,63
40,195,64
41,192,62
42,193,63
43,192,60
44,190,60
45,184,59
46,204,58
47,199,58
48,197,56
49,195,56
50,191,53
51,191,54
52,189,52
53,188,52
54,187,48
55,181,48
56,176,45
57,173,45
58,171,46
59,167,46
60,164,45
61,194,47
62,192,47
63,188,45
64,184,45
65,182,45
66,180,44
67,176,43
68,174,40
69,174,40
70,171,39
71,171,35
72,168,35
73,166,34
74,166,34
75,165,33
76,198,33
77,199,33
78,197,33
79,195,33
80,195,35
81,193,35
82,192,34
83,189,34
84,189,32
85,188,32
86,189,33
87,188,32
88,184,31
89,184,29
90,184,28
91,218,30
92,219,28
93,218,26
94,217,25
95,217,24
96,216,23
97,217,21
98,216,21
99,217,21
100,217,21
101,219,19
102,220,19
103,219,18
104,220,18
105,221,18
106,267,17
107,269,16
108,267,15
109,267,15
110,268,15
111,263,15
112,263,15
113,262,15
114,264,15
115,263,14
116,267,15
117,265,16
118,264,16
119,264,16
120,264,16
121,317,17
122,320,16
123,321,17
124,321,17
125,322,17
126,321,17
127,318,17
128,318,18
129,321,18
130,321,17
131,326,15
132,327,15
133,325,14
134,326,14
135,326,14
136,381,15
137,385,14
138,386,13
139,385,13
140,386,13
141,385,13
142,384,13
143,382,13
144,384,13
145,387,13
146,392,11
147,394,12
148,393,11
149,393,11
150,392,11
151,459,13
152,465,13
153,465,14
154,462,14
155,463,14
156,462,14
157,461,13
158,461,13
159,465,13
160,468,11
161,473,10
162,474,10
163,474,10
164,476,10
165,478,10
166,568,11
167,574,11
168,576,11
169,575,11
170,577,12
171,575,11
172,573,11
173,572,10
174,576,9
175,577,9
176,586,8
177,587,8
178,586,8
179,587,8
180,588,8
181,709,8
182,718,8
183,718,9
184,712,9
185,711,9
186,711,9
187,709,9
188,706,9
189,708,9
190,711,9
191,722,9
192,722,9
193,722,9
194,723,10
195,724,10
196,866,10
197,874,10
198,876,10
199,872,10
200,875,11
201,874,11
202,870,11
203,867,10
204,869,10
205,870,10
206,880,10
207,881,10
208,879,10
209,879,10
210,882,10
211,998,10
212,1000,10
213,1000,11
214,999,11
215,1000,11
216,998,11
217,996,11
218,994,11
219,1000,11
220,1000,11
221,1000,11
222,1000,11
223,999,11
224,1000,12
225,1000,12
226,996,12
227,1000,12
228,1000,12
229,996,12
230,1000,13
231,1000,13
232,999,13
233,996,13
234,1000,13
235,1000,13
236,1000,13
237,1000,13
238,999,13
239,997,13
240,998,12
241,995,12
242,999,12
243,1000,12
244,999,12
245,999,12
246,998,12
247,996,12
248,995,12
249,999,12
250,1000,11
251,999,11
252,1000,11
253,996,11
254,999,12
255,1000,12
256,984,12
257,1000,12
258,1000,12
259,998,12
260,1000,13
261,999,14
262,998,14
263,994,13
264,999,13
265,999,13
266,997,13
267,998,14
268,996,14
269,997,14
270,1000,14
271,965,15
272,980,15
273,983,16
274,981,15
275,986,15
276,984,15
277,980,15
278,979,15
279,991,15
280,997,15
281,995,15
282,991,15
283,988,15
284,993,16
285,998,16
286,936,16
287,956,16
288,962,16
289,957,16
290,962,18
291,960,19
292,956,19
293,955,19
294,964,18
295,974,18
296,992,18
297,992,19
298,989,19
299,995,19
300,997,17
301,935,18
302,953,18
303,958,19
304,956,19
305,962,19
306,959,19
307,953,19
308,949,19
309,955,19
310,955,19
311,970,19
312,976,19
313,973,19
314,973,20
315,975,20
316,926,20
317,954,20
318,957,20
319,951,20
320,957,22
321,953,23
322,947,23
323,945,23
324,964,23
325,970,23
326,978,23
327,980,24
328,975,24
329,978,24
330,983,24
331,896,25
332,928,25
333,936,26
334,923,26
335,933,26
336,923,26
337,912,26
338,908,26
339,928,26
340,941,25
341,954,23
342,955,23
343,945,23
344,956,25
345,960,25
346,886,25
347,920,25
348,932,25
349,923,25
350,936,27
351,928,28
352,913,28
353,902,28
354,920,27
355,934,27
356,963,27
357,959,28
358,951,28
359,957,28
360,968,26
361,952,27
362,994,27
363,999,28
364,991,28
365,998,28
366,991,28
367,984,28
368,977,28
369,992,28
370,994,28
371,1000,28
372,1000,28
373,993,28
374,997,31
375,998,31
376,1000,31
377,1000,31
378,1000,31
379,995,31
380,1000,32
381,988,34
382,976,34
383,964,34
384,989,33
385,998,33
386,1000,33
387,1000,34
388,993,34
389,996,34
390,997,34
391,1000,35
392,1000,35
393,1000,37
394,996,37
395,1000,37
396,986,37
397,980,37
398,972,37
399,996,37
400,1000,37
401,1000,35
402,1000,35
403,994,35
404,1000,38
405,1000,38
406,1000,38
407,998,38
408,999,38
409,988,38
410,1000,40
411,995,43
412,981,43
413,971,43
414,991,43
415,999,43
416,1000,43
417,1000,46
418,990,46
419,996,46
420,999,45
421,1000,45
422,991,45
423,998,48
424,994,48
425,992,48
426,982,48
427,973,48
428,967,48
429,982,48
430,991,48
431,998,47
432,999,47
433,991,47
434,993,51
435,991,51
436,997,51
437,990,51
438,989,51
439,979,51
440,986,53
441,973,56
442,964,56
443,954,56
444,978,54
445,994,52
446,981,52
447,986,53
448,979,53
449,988,53
450,996,50
451,998,49
452,991,49
453,987,53
454,973,52
455,984,52
456,972,52
457,960,48
458,947,48
459,967,48
460,978,48
461,982,48
462,987,48
463,981,47
464,987,51
465,987,51
466,983,51
467,981,51
468,981,51
469,971,51
470,982,54
471,975,59
472,969,59
473,957,59
474,978,59
475,980,59
476,983,59
477,984,62
478,972,62
479,972,62
480,971,61
481,983,61
482,987,61
483,991,66
484,984,65
485,996,65
486,984,65
487,972,64
488,960,64
489,980,64
490,988,64
491,992,61
492,993,61
493,985,60
494,989,66
495,995,66
496,988,66
497,985,66
498,989,66
499,981,66
500,996,71
501,986,77
502,972,77
503,959,76
504,979,73
505,1000,73
506,990,73
507,993,77
508,982,77
509,994,77
510,997,72
511,988,73
512,984,73
513,983,79
514,966,79
515,987,79
516,977,79
517,965,78
518,949,78
519,976,78
520,999,78
521,1000,74
522,999,74
523,985,68
524,977,76
525,986,76
526,1000,76
527,1000,76
528,995,76
529,980,76
530,992,81
531,976,86
532,962,86
533,939,86
534,947,81
535,953,81
536,970,81
537,982,86
538,963,86
539,963,86
540,959,84
541,970,82
542,973,81
543,972,91
544,945,91
545,953,91
546,934,91
547,910,88
548,897,88
549,902,88
550,912,88
551,912,86
552,909,86
553,895,77
554,892,86
555,894,85
556,900,85
557,902,85
558,896,85
559,873,85
560,879,90
561,864,99
562,839,99
563,822,99
564,828,94
565,843,94
566,840,94
567,825,97
568,807,97
569,801,97
570,788,95
571,793,95
572,789,95
573,785,107
574,771,103
575,769,103
576,750,103
577,731,101
578,708,101
579,709,101
580,722,100
581,723,97
582,721,97
583,710,87
584,715,97
585,711,97
586,722,97
587,719,97
588,723,97
589,708,97
590,700,103
591,687,112
592,673,112
593,657,111
594,658,105
595,676,105
596,683,105
597,686,109
598,670,109
599,664,109
600,661,105
601,681,105
602,678,105
603,671,118
604,657,118
605,663,118
606,654,118
607,638,116
608,619,116
609,613,116
610,630,116
611,632,112
612,635,112
613,617,101
614,607,110
615,596,110
616,592,110
617,586,110
618,574,110
619,557,110
620,553,117
621,536,125
622,518,125
623,496,124
624,496,114
625,508,114
626,514,114
627,513,122
628,504,122
629,502,121
630,503,116
631,496,114
632,487,114
633,476,126
634,465,125
635,459,125
636,444,125
637,434,123
638,419,123
639,417,123
640,438,121
641,437,114
642,434,114
643,422,101
644,413,113
645,415,113
646,414,113
647,413,113
648,404,112
649,396,112
650,389,121
651,380,131
652,371,131
653,361,129
654,355,117
655,366,117
656,368,117
657,367,127
658,356,127
659,353,127
660,353,118
661,355,115
662,353,114
663,349,127
664,334,126
665,337,126
666,321,125
667,315,118
668,308,117
669,308,116
670,325,116
671,325,110
672,319,110
673,308,97
674,311,111
675,310,110
676,307,110
677,300,109
678,285,109
679,278,109
680,281,120
681,269,133
682,258,132
683,252,132
684,255,121
685,261,121
686,264,121
687,256,130
688,244,129
689,247,128
690,244,119
691,239,109
692,234,109
693,227,120
694,212,120
695,204,120
696,195,118
697,186,110
698,181,110
699,180,110
700,179,109
701,180,103
702,176,102
703,170,90
704,168,102
705,166,102
706,166,102
707,162,101
708,157,101
709,152,100
710,149,111
711,146,127
712,137,126
713,131,126
714,124,115
715,124,115
716,122,115
717,124,126
718,123,126
719,130,124
720,130,115
721,128,106
722,126,106
723,123,115
724,120,113
725,120,113
726,117,113
727,114,104
728,108,103
729,105,103
730,102,102
731,98,96
732,95,96
733,94,88
734,99,99
735,103,98
736,101,98
737,99,95
738,99,95
739,95,95
740,94,105
741,91,119
742,85,119
743,81,117
744,81,106
745,78,106
746,72,106
747,69,120
748,68,120
749,66,120
750,69,110
751,69,102
752,62,101
753,60,110
754,57,108
755,54,108
756,54,108
757,53,98
758,52,98
759,53,98
760,54,96
761,56,90
762,57,90
763,57,81
764,60,91
765,60,91
766,57,91
767,57,87
768,57,87
769,54,85
770,54,95
771,53,105
772,52,105
773,49,105
774,49,94
775,52,94
776,53,94
777,52,110
778,50,110
779,54,110
780,55,102
781,50,93
782,49,93
783,47,101
784,47,101
785,47,101
786,44,101
787,43,85
788,43,85
789,44,85
790,47,84
791,46,80
792,46,80
793,44,72
794,44,84
795,44,84
796,43,84
797,43,84
798,41,84
799,40,83
800,37,93
801,36,104
802,36,104
803,34,104
804,34,91
805,35,91
806,34,89
807,34,106
808,33,105
809,33,105
810,33,94
811,34,84
812,32,84
813,31,90
814,31,90
815,32,90
816,32,90
817,32,72
818,31,72
819,32,72
820,34,72
821,34,69
822,36,69
823,36,62
824,35,71
825,36,71
826,37,70
827,36,69
828,36,69
829,34,69
830,35,78
831,35,91
832,32,91
833,31,91
834,31,82
835,33,81
836,32,81
837,32,95
838,32,95
839,31,95
840,32,86
841,32,77
842,32,77
843,31,84
844,31,83
845,31,81
846,31,81
847,31,68
848,31,68
849,32,68
850,33,67
851,32,63
852,32,63
853,31,54
854,31,64
855,32,64
856,32,64
857,32,64
858,32,63
859,32,63
860,33,70
861,33,81
862,33,81
863,33,81
864,35,71
865,38,71
866,38,71
867,39,80
868,39,79
869,37,79
870,36,72
871,35,66
872,35,66
873,34,71
874,34,70
875,36,70
876,35,70
877,34,59
878,33,59
879,35,59
880,37,59
881,37,55
882,36,55
883,36,50
884,36,59
885,36,59
886,36,59
887,35,59
888,35,59
889,35,59
890,33,65
891,33,74
892,33,73
893,32,73
894,34,63
895,34,63
896,34,63
897,34,73
898,34,73
899,35,73
900,35,67
901,35,60
902,34,60
903,34,63
904,34,63
905,33,61
906,33,61
907,33,51
908,33,51
909,35,51
910,37,51
911,37,47
912,38,47
913,38,43
914,40,50
915,41,50
916,41,50
917,41,50
918,41,50
919,41,49
920,40,55
921,40,66
922,38,66
923,37,66
924,40,59
925,45,59
926,45,59
927,48,69
928,48,69
929,47,69
930,48,61
931,48,53
932,47,53
933,47,57
934,46,57
935,45,56
936,45,56
937,45,46
938,44,45
939,47,44
940,49,44
941,49,40
942,49,39
943,49,35
944,51,39
945,50,39
946,50,39
947,49,39
948,49,39
949,49,39
950,49,44
951,48,53
952,47,53
953,47,53
954,49,48
955,56,48
956,55,48
957,57,54
958,55,54
959,56,54
960,54,51
961,54,44
962,54,44
963,54,47
964,52,47
965,52,47
966,52,47
967,50,39
968,50,38
969,54,38
970,55,36
971,55,34
972,55,34
973,54,31
974,56,35
975,58,35
976,56,35
977,56,35
978,56,35
979,56,35
980,56,40
981,55,49
982,53,49
983,53,49
984,60,45
985,62,45
986,62,45
987,63,51
988,62,51
989,63,51
990,63,48
991,63,42
992,62,42
993,62,45
994,62,45
995,61,45
996,61,45
997,60,39
998,60,39
999,64,38
1000,69,36
1001,69,32
1002,69,32
1003,69,29
1004,69,33
1005,69,33
1006,69,33
1007,68,33
1008,68,33
1009,66,32
1010,66,37
1011,65,44
1012,65,44
1013,63,44
1014,70,40
1015,77,40
1016,76,40
1017,76,46
1018,75,46
1019,75,46
1020,75,44
1021,74,40
1022,73,39
1023,73,42
1024,72,42
1025,72,42
1026,71,42
1027,71,37
1028,69,37
1029,74,37
1030,78,36
1031,78,33
1032,77,33
1033,73,31
1034,76,35
1035,77,35
1036,77,35
1037,77,35
1038,75,35
1039,75,35
1040,75,38
1041,74,43
1042,74,43
1043,72,42
1044,84,38
1045,88,38
1046,88,38
1047,90,43
1048,89,43
1049,90,43
1050,89,39
1051,89,34
1052,88,34
1053,87,36
1054,87,36
1055,85,36
1056,84,36
1057,83,32
1058,80,32
1059,92,32
1060,96,32
1061,96,30
1062,96,30
1063,94,28
1064,91,32
1065,93,32
1066,92,32
1067,91,31
1068,90,31
1069,90,31
1070,90,35
1071,90,42
1072,90,42
1073,88,42
1074,96,40
1075,102,40
1076,102,40
1077,102,45
1078,101,45
1079,102,44
1080,102,40
1081,102,34
1082,100,34
1083,100,36
1084,100,34
1085,99,34
1086,98,34
1087,97,29
1088,97,29
1089,108,29
1090,113,29
1091,113,28
1092,114,28
1093,114,26
1094,116,30
1095,115,30
1096,114,30
1097,113,29
1098,113,29
1099,113,29
1100,112,32
1101,111,38
1102,111,38
1103,110,38
1104,127,34
1105,135,34
1106,134,34
1107,136,39
1108,136,39
1109,134,39
1110,131,37
1111,129,32
1112,129,32
1113,127,34
1114,125,34
1115,125,34
1116,125,34
1117,125,30
1118,125,30
1119,146,30
1120,155,30
1121,154,29
1122,154,29
1123,153,27
1124,153,31
1125,153,31
1126,153,31
1127,152,31
1128,152,31
1129,152,31
1130,152,34
1131,149,41
1132,148,41
1133,147,41
1134,164,37
1135,170,37
1136,170,37
1137,170,41
1138,169,41
1139,170,41
1140,171,36
1141,170,30
1142,169,30
1143,169,32
1144,169,32
1145,169,32
1146,167,32
1147,165,28
1148,163,28
1149,184,28
1150,196,28
1151,196,26
1152,197,26
1153,197,25
1154,198,29
1155,199,29
1156,199,29
1157,198,29
1158,197,29
1159,195,29
1160,191,33
1161,188,40
1162,188,40
1163,188,40
1164,213,37
1165,228,37
1166,225,37
1167,225,40
1168,222,40
1169,224,40
1170,220,38
1171,217,33
1172,213,33
1173,213,35
1174,208,35
1175,207,35
1176,201,35
1177,199,32
1178,199,32
1179,234,32
1180,252,32
1181,250,30
1182,251,30
1183,248,28
1184,248,32
1185,248,32
1186,245,32
1187,244,32
1188,243,31
1189,240,31
1190,240,35
1191,239,42
1192,237,42
1193,236,42
1194,266,40
1195,283,40
1196,280,40
1197,286,44
1198,283,44
1199,282,44
1200,283,41
1201,280,38
1202,275,37
1203,272,38
1204,270,36
1205,266,36
1206,265,36
1207,264,33
1208,263,33
1209,301,33
1210,331,32
1211,324,29
1212,327,29
1213,321,29
1214,320,31
1215,322,31
1216,320,31
1217,319,31
1218,318,31
1219,318,30
1220,317,33
1221,314,40
1222,313,40
1223,310,38
1224,350,34
1225,377,34
1226,375,34
1227,372,38
1228,369,38
1229,369,38
1230,369,35
1231,365,32
1232,364,32
1233,361,33
1234,360,33
1235,357,33
1236,353,32
1237,349,28
1238,346,28
1239,381,27
1240,413,26
1241,410,24
1242,411,24
1243,409,23
1244,409,25
1245,406,25
1246,404,25
1247,400,25
1248,398,25
1249,396,25
1250,394,29
1251,390,34
1252,387,34
1253,385,34
1254,429,32
1255,478,32
1256,473,32
1257,474,34
1258,472,34
1259,471,34
1260,470,31
1261,468,29
1262,466,29
1263,463,30
1264,461,30
1265,459,30
1266,458,30
1267,456,29
1268,451,29
1269,495,29
1270,553,29
1271,550,27
1272,551,27
1273,549,27
1274,546,29
1275,545,29
1276,540,29
1277,535,28
1278,534,28
1279,531,28
1280,528,33
1281,526,37
1282,518,37
1283,514,37
1284,568,36
1285,639,36
1286,637,36
1287,634,40
1288,632,40
1289,630,40
1290,631,38
1291,628,36
1292,623,36
1293,619,37
1294,618,37
1295,614,37
1296,611,37
1297,609,36
1298,607,36
1299,672,36
1300,742,36
1301,739,34
1302,743,34
1303,738,34
1304,741,36
1305,741,36
1306,736,35
1307,733,34
1308,723,34
1309,715,34
1310,711,39
1311,706,43
1312,699,43
1313,690,43
1314,750,41
1315,838,41
1316,827,41
1317,827,44
1318,819,44
1319,814,44
1320,811,41
1321,804,36
1322,799,36
1323,795,37
1324,784,37
1325,776,37
1326,765,37
1327,756,35
1328,752,35
1329,802,35
1330,912,35
1331,907,34
1332,904,34
1333,898,34
1334,900,36
1335,899,36
1336,894,36
1337,888,35
1338,884,35
1339,879,35
1340,871,40
1341,859,46
1342,849,46
1343,842,46
1344,902,45
1345,992,45
1346,984,45
1347,983,48
1348,972,48
1349,962,48
1350,956,44
1351,943,42
1352,936,42
1353,921,43
1354,913,43
1355,899,43
1356,883,43
1357,875,42
1358,861,42
1359,913,42
1360,997,41
1361,991,41
1362,982,41
1363,971,41
1364,973,43
1365,961,43
1366,952,43
1367,939,43
1368,930,43
1369,924,43
1370,913,49
1371,899,55
1372,891,55
1373,882,55
1374,915,54
1375,996,54
1376,985,54
1377,992,58
1378,978,58
1379,981,58
1380,969,55
1381,960,51
1382,950,51
1383,943,53
1384,930,53
1385,913,53
1386,901,53
1387,883,52
1388,872,52
1389,904,52
1390,993,51
1391,985,50
1392,994,50
1393,983,50
1394,986,53
1395,978,53
1396,968,53
1397,963,53
1398,957,53
1399,947,53
1400,936,59
1401,926,64
1402,917,64
1403,907,64
1404,941,62
1405,979,62
1406,972,62
1407,979,67
1408,968,67
1409,978,67
1410,974,64
1411,965,59
1412,959,59
1413,944,61
1414,938,61
1415,932,61
1416,924,60
1417,918,59
1418,909,59
1419,951,59
1420,977,59
1421,971,57
1422,982,57
1423,972,55
1424,983,57
1425,983,57
1426,970,57
1427,963,55
1428,957,55
1429,947,55
1430,938,60
1431,933,67
1432,919,67
1433,911,67
1434,941,66
1435,966,66
1436,954,66
1437,967,71
1438,955,71
1439,973,71
1440,968,66
1441,962,61
1442,951,61
1443,945,65
1444,932,65
1445,923,65
1446,916,65
1447,909,64
1448,901,64
1449,932,64
1450,959,64
1451,955,62
1452,959,61
1453,945,59
1454,969,61
1455,964,61
1456,949,61
1457,940,61
1458,928,61
1459,921,61
1460,911,69
1461,900,77
1462,886,77
1463,875,77
1464,917,75
1465,950,75
1466,940,75
1467,955,81
1468,940,81
1469,961,81
1470,958,72
1471,945,67
1472,940,67
1473,931,71
1474,920,71
1475,911,71
1476,904,71
1477,895,68
1478,884,67
1479,923,67
1480,949,65
1481,942,64
1482,961,64
1483,955,61
1484,988,62
1485,980,62
1486,967,62
1487,960,62
1488,956,62
1489,945,62
1490,933,74
1491,926,82
1492,913,82
1493,900,82
1494,927,80
1495,970,80
1496,965,80
1497,987,88
1498,978,88
1499,999,88
1500,987,78
1501,973,73
1502,967,73
1503,957,79
1504,944,79
1505,929,79
1506,919,79
1507,909,73
1508,893,73
1509,945,73
1510,968,73
1511,958,72
1512,971,72
1513,962,69
1514,994,72
1515,992,71
1516,985,70
1517,975,67
1518,964,67
1519,955,67
1520,942,79
1521,933,88
1522,919,88
1523,910,88
1524,954,86
1525,977,86
1526,969,85
1527,977,93
1528,959,93
1529,994,93
1530,983,84
1531,978,78
1532,971,77
1533,966,83
1534,954,82
1535,938,82
1536,925,82
1537,917,75
1538,901,75
1539,939,75
1540,990,73
1541,983,73
1542,1000,73
1543,992,70
1544,995,73
1545,991,73
1546,973,73
1547,959,72
1548,948,72
1549,944,72
1550,938,83
1551,924,90
1552,910,90
1553,903,89
1554,954,88
1555,988,88
1556,985,88
1557,998,99
1558,989,99
1559,993,99
1560,990,90
1561,972,83
1562,955,83
1563,941,90
1564,928,90
1565,915,90
1566,901,90
1567,884,82
1568,870,82
1569,905,82
1570,962,81
1571,956,81
1572,975,81
1573,957,74
1574,990,77
1575,977,77
1576,961,77
1577,942,77
1578,926,76
1579,907,76
1580,887,86
1581,876,95
1582,853,95
1583,837,92
1584,872,89
1585,911,89
1586,905,89
1587,915,102
1588,905,102
1589,920,102
1590,916,92
1591,899,86
1592,881,86
1593,862,95
1594,844,95
1595,825,95
1596,805,95
1597,790,89
1598,774,89
1599,813,89
1600,847,86
1601,838,86
1602,847,86
1603,832,77
1604,838,80
1605,839,80
1606,820,80
1607,798,79
1608,778,79
1609,763,79
1610,746,90
1611,728,101
1612,714,101
1613,702,100
1614,735,97
1615,758,97
1616,746,97
1617,740,111
1618,732,111
1619,733,111
1620,725,104
1621,702,97
1622,691,97
1623,677,106
1624,662,106
1625,651,106
1626,633,106
1627,619,94
1628,608,93
1629,636,93
1630,659,90
1631,646,89
1632,640,89
1633,628,79
1634,651,80
1635,643,79
1636,617,79
1637,601,79
1638,587,79
1639,571,79
1640,554,87
1641,537,100
1642,527,99
1643,513,99
1644,542,98
1645,559,98
1646,548,98
1647,552,112
1648,543,112
1649,555,112
1650,544,103
1651,533,95
1652,518,94
1653,502,101
1654,485,100
1655,475,100
1656,464,100
1657,456,88
1658,449,88
1659,466,88
1660,479,86
1661,467,82
1662,466,82
1663,456,76
1664,465,79
1665,464,79
1666,454,79
1667,443,79
1668,440,79
1669,431,79
1670,425,88
1671,415,100
1672,406,100
1673,398,99
1674,413,97
1675,431,95
1676,422,95
1677,430,113
1678,419,112
1679,424,112
1680,420,103
1681,410,91
1682,400,90
1683,394,97
1684,385,97
1685,379,97
1686,372,97
1687,364,82
1688,358,82
1689,393,82
1690,415,82
1691,408,81
1692,419,81
1693,418,74
1694,420,77
1695,423,77
1696,411,77
1697,401,73
1698,391,73
1699,383,73
1700,376,82
1701,370,95
1702,365,95
1703,361,95
1704,390,94
1705,407,94
1706,398,94
1707,404,115
1708,393,115
1709,402,115
1710,397,106
1711,386,96
1712,377,96
1713,365,102
1714,353,101
1715,345,101
1716,338,101
1717,328,86
1718,316,86
1719,322,86
1720,333,85
1721,327,84
1722,327,83
1723,316,78
1724,324,82
1725,319,82
1726,315,82
1727,308,79
1728,293,79
1729,283,79
1730,273,87
1731,262,103
1732,252,103
1733,246,102
1734,257,100
1735,263,98
1736,254,98
1737,249,118
1738,240,118
1739,237,118
1740,234,112
1741,232,101
1742,225,101
1743,214,105
1744,206,104
1745,198,104
1746,190,104
1747,181,87
1748,173,87
1749,176,87
1750,187,86
1751,183,86
1752,184,86
1753,178,82
1754,180,86
1755,174,86
1756,170,86
1757,168,86
1758,165,86
1759,160,86
1760,154,93
1761,150,109
1762,142,109
1763,139,109
1764,143,105
1765,152,103
1766,153,103
1767,159,124
1768,157,124
1769,154,124
1770,150,116
1771,142,100
1772,137,100
1773,130,103
1774,124,102
1775,122,102
1776,118,101
1777,116,82
1778,108,82
1779,106,82
1780,110,81
1781,106,78
1782,109,77
1783,109,73
1784,111,78
1785,109,78
1786,107,78
1787,105,74
1788,102,74
1789,100,73
1790,99,81
1791,97,96
1792,96,96
1793,94,96
1794,107,92
1795,111,92
1796,110,92
1797,112,115
1798,110,115
1799,109,115
1800,108,107
1801,102,93
1802,98,93
1803,98,96
1804,95,96
1805,95,96
1806,93,96
1807,93,73
1808,92,73
1809,109,73
1810,110,73
1811,108,71
1812,110,71
1813,106,67
1814,106,71
1815,102,70
1816,99,69
1817,99,68
1818,97,68
1819,97,68
1820,93,75
1821,92,90
1822,90,90
1823,89,90
1824,98,87
1825,101,87
1826,99,87
1827,100,111
1828,97,111
1829,98,111
1830,98,103
1831,96,88
1832,95,88
1833,95,91
1834,95,89
1835,95,89
1836,94,89
1837,93,63
1838,90,63
1839,99,63
1840,104,63
1841,103,61
1842,105,60
1843,101,57
1844,102,62
1845,100,62
1846,100,62
1847,100,61
1848,99,61
1849,98,60
1850,96,66
1851,95,78
1852,93,78
1853,93,77
1854,112,73
1855,112,73
1856,112,73
1857,111,95
1858,111,95
1859,110,95
1860,112,90
1861,112,79
1862,112,79
1863,112,80
1864,112,79
1865,111,78
1866,111,78
1867,111,54
1868,111,54
1869,133,54
1870,137,54
1871,136,51
1872,136,51
1873,136,49
1874,136,54
1875,140,54
1876,139,54
1877,138,54
1878,136,54
1879,136,54
1880,136,58
1881,136,71
1882,135,71
1883,135,70
1884,162,67
1885,166,67
1886,166,67
1887,167,87
1888,167,87
1889,167,87
1890,169,82
1891,167,72
1892,167,71
1893,167,73
1894,166,71
1895,166,71
1896,166,71
1897,165,53
1898,164,52
1899,201,52
1900,202,52
1901,199,49
1902,200,49
1903,200,47
1904,201,51
1905,204,51
1906,204,51
1907,204,50
1908,204,50
1909,203,50
1910,202,53
1911,202,66
1912,201,66
1913,201,66
1914,240,60
1915,242,60
1916,241,60
1917,242,79
1918,242,79
1919,241,79
1920,245,76
1921,243,64
1922,242,64
1923,242,65
1924,241,65
1925,240,65
1926,240,65
1927,240,45
1928,240,45
1929,288,45
1930,290,45
1931,287,45
1932,288,45
1933,288,44
1934,289,48
1935,295,48
1936,295,48
1937,295,48
1938,294,48
1939,294,48
1940,294,50
1941,293,59
1942,292,59
1943,290,58
1944,366,54
1945,367,53
1946,365,53
1947,366,70
1948,366,69
1949,366,69
1950,371,67
1951,370,54
1952,369,54
1953,369,56
1954,368,56
1955,367,56
1956,367,56
1957,367,39
1958,366,39
1959,443,39
1960,446,39
1961,444,39
1962,445,39
1963,442,36
1964,441,39
1965,446,39
1966,444,38
1967,442,38
1968,442,38
1969,441,38
1970,441,40
1971,439,49
1972,439,49
1973,439,49
1974,522,47
1975,526,47
1976,526,47
1977,524,63
1978,524,63
1979,524,63
1980,535,61
1981,531,51
1982,528,51
1983,528,53
1984,527,52
1985,527,52
1986,524,52
1987,523,37
1988,522,37
1989,639,37
1990,644,37
1991,640,37
1992,635,37
1993,632,36
1994,631,39
1995,645,39
1996,645,39
1997,645,39
1998,642,39
1999,641,39
2000,639,41
2001,637,49
2002,635,49
2003,633,49
2004,784,47
2005,790,47
2006,787,47
2007,786,62
2008,781,62
2009,781,62
2010,791,61
2011,788,52
2012,786,51
2013,784,53
2014,776,52
2015,775,52
2016,772,52
2017,769,37
2018,765,37
2019,927,37
2020,932,36
2021,929,36
2022,924,36
2023,919,34
2024,912,37
2025,919,37
2026,911,37
2027,904,36
2028,896,36
2029,888,36
2030,884,38
2031,878,44
2032,871,44
2033,868,44
2034,1000,41
2035,1000,41
2036,993,41
2037,988,56
2038,978,56
2039,973,56
2040,990,55
2041,987,50
2042,979,50
2043,973,51
2044,967,51
2045,962,51
2046,952,51
2047,942,40
2048,928,40
2049,997,40
2050,999,40
2051,986,40
2052,974,40
2053,965,38
2054,955,41
2055,972,41
2056,962,41
2057,954,40
2058,947,40
2059,943,40
2060,937,42
2061,930,48
2062,923,48
2063,919,48
2064,991,45
2065,999,45
2066,994,45
2067,983,58
2068,973,58
2069,958,58
2070,976,57
2071,965,53
2072,955,53
2073,947,55
2074,939,55
2075,928,55
2076,923,55
2077,917,45
2078,907,45
2079,990,45
2080,999,45
2081,992,45
2082,981,45
2083,974,43
2084,968,45
2085,978,45
2086,970,45
2087,960,44
2088,955,44
2089,945,44
2090,934,47
2091,927,52
2092,920,52
2093,916,52
2094,952,50
2095,979,50
2096,975,50
2097,967,64
2098,959,64
2099,953,64
2100,968,63
2101,960,58
2102,953,57
2103,947,59
2104,940,59
2105,935,59
2106,924,59
2107,914,50
2108,904,49
2109,943,49
2110,962,49
2111,956,48
2112,951,48
2113,941,46
2114,934,48
2115,961,48
2116,951,48
2117,940,45
2118,928,45
2119,917,45
2120,910,49
2121,902,53
2122,894,53
2123,886,53
2124,942,51
2125,956,51
2126,942,51
2127,934,65
2128,927,65
2129,901,65
2130,917,63
2131,905,60
2132,890,60
2133,877,62
2134,861,62
2135,852,62
2136,841,62
2137,828,54
2138,818,54
2139,910,53
2140,934,53
2141,926,52
2142,915,52
2143,901,51
2144,894,53
2145,915,53
2146,904,53
2147,887,50
2148,875,50
2149,863,50
2150,859,54
2151,849,59
2152,836,59
2153,827,58
2154,900,56
2155,936,54
2156,933,54
2157,919,69
2158,907,69
2159,894,69
2160,930,69
2161,919,65
2162,906,65
2163,896,66
2164,883,66
2165,875,66
2166,860,66
2167,855,57
2168,852,57
2169,935,57
2170,960,57
2171,955,56
2172,940,56
2173,924,55
2174,912,58
2175,946,58
2176,933,58
2177,918,57
2178,896,57
2179,887,57
2180,875,62
2181,864,67
2182,849,67
2183,829,67
2184,937,65
2185,968,65
2186,957,64
2187,943,81
2188,925,81
2189,903,81
2190,934,80
2191,916,77
2192,905,77
2193,890,78
2194,875,78
2195,860,78
2196,839,78
2197,819,65
2198,808,65
2199,920,65
2200,948,65
2201,939,63
2202,924,63
2203,908,63
2204,893,65
2205,926,64
2206,907,64
2207,894,62
2208,881,62
2209,861,62
2210,846,68
2211,832,73
2212,820,73
2213,799,73
2214,902,70
2215,929,70
2216,900,70
2217,875,89
2218,850,89
2219,830,89
2220,869,86
2221,851,83
2222,826,83
2223,785,84
2224,758,84
2225,730,84
2226,706,84
2227,688,77
2228,674,77
2229,738,77
2230,756,77
2231,740,75
2232,710,75
2233,689,74
2234,672,76
2235,702,76
2236,688,76
2237,674,74
2238,661,74
2239,653,74
2240,644,82
2241,631,86
2242,617,86
2243,604,86
2244,646,84
2245,673,84
2246,658,84
2247,640,106
2248,619,106
2249,602,106
2250,623,102
2251,607,98
2252,598,98
2253,583,99
2254,565,99
2255,555,99
2256,543,99
2257,533,80
2258,523,80
2259,559,80
2260,580,79
2261,567,78
2262,550,78
2263,535,77
2264,523,79
2265,542,79
2266,535,79
2267,520,78
2268,508,78
2269,496,78
2270,487,89
2271,480,93
2272,470,93
2273,455,93
2274,493,92
2275,518,92
2276,511,92
2277,504,116
2278,495,116
2279,483,114
2280,504,107
2281,498,103
2282,481,103
2283,473,103
2284,464,103
2285,456,103
2286,451,103
2287,445,81
2288,438,81
2289,476,81
2290,502,79
2291,496,79
2292,490,79
2293,481,78
2294,471,79
2295,490,79
2296,484,79
2297,475,77
2298,467,77
2299,458,77
2300,449,90
2301,443,94
2302,437,94
2303,430,94
2304,466,92
2305,485,92
2306,480,92
2307,471,120
2308,464,120
2309,454,120
2310,486,107
2311,474,103
2312,465,103
2313,458,104
2314,451,104
2315,442,104
2316,431,104
2317,421,83
2318,410,83
2319,443,83
2320,457,82
2321,451,82
2322,445,82
2323,436,81
2324,425,83
2325,453,83
2326,443,83
2327,429,80
2328,418,80
2329,409,80
2330,401,95
2331,389,97
2332,377,97
2333,364,97
2334,407,95
2335,423,94
2336,414,94
2337,408,125
2338,396,125
2339,386,125
2340,399,113
2341,390,112
2342,375,112
2343,362,113
2344,350,113
2345,344,113
2346,336,113
2347,324,84
2348,319,84
2349,342,84
2350,362,83
2351,359,81
2352,355,81
2353,344,80
2354,340,82
2355,353,82
2356,350,82
2357,342,81
2358,335,81
2359,327,81
2360,324,99
2361,319,101
2362,312,101
2363,307,101
2364,333,99
2365,352,99
2366,347,99
2367,341,132
2368,333,132
2369,320,132
2370,330,115
2371,322,111
2372,318,111
2373,311,112
2374,305,112
2375,293,112
2376,290,112
2377,285,83
2378,273,83
2379,296,83
2380,309,81
2381,304,81
2382,299,81
2383,294,81
2384,289,83
2385,299,82
2386,298,82
2387,293,78
2388,288,78
2389,286,77
2390,283,94
2391,280,96
2392,276,95
2393,271,95
2394,296,93
2395,308,92
2396,301,90
2397,292,115
2398,281,115
2399,276,115
2400,283,100
2401,280,98
2402,274,98
2403,268,99
2404,264,97
2405,255,97
2406,246,97
2407,240,75
2408,236,75
2409,254,75
2410,267,72
2411,262,72
2412,259,72
2413,252,70
2414,244,71
2415,249,71
2416,246,71
2417,237,69
2418,234,69
2419,231,69
2420,225,84
2421,217,87
2422,210,86
2423,205,86
2424,228,85
2425,233,85
2426,230,85
2427,225,113
2428,216,113
2429,212,113
2430,216,100
2431,209,97
2432,203,97
2433,195,98
2434,190,98
2435,186,98
2436,181,97
2437,178,72
2438,173,71
2439,187,71
2440,195,69
2441,190,69
2442,181,69
2443,174,68
2444,164,69
2445,168,69
2446,167,69
2447,164,66
2448,158,66
2449,151,66
2450,137,80
2451,132,83
2452,131,83
2453,127,83
2454,143,82
2455,149,82
2456,149,82
2457,144,112
2458,138,112
2459,134,112
2460,132,100
2461,132,97
2462,131,97
2463,129,98
2464,126,98
2465,124,98
2466,121,98
2467,115,73
2468,113,73
2469,130,73
2470,135,72
2471,135,72
2472,134,72
2473,132,71
2474,128,72
2475,129,72
2476,129,71
2477,129,67
2478,127,67
2479,125,66
2480,125,79
2481,125,82
2482,124,82
2483,123,82
2484,136,81
2485,140,80
2486,137,80
2487,134,112
2488,132,112
2489,131,112
2490,131,99
2491,127,96
2492,124,96
2493,120,97
2494,117,97
2495,116,97
2496,115,97
2497,112,65
2498,110,64
2499,123,64
2500,127,64
2501,126,64
2502,124,64
2503,123,63
2504,119,63
2505,118,63
2506,114,63
2507,108,61
2508,103,61
2509,99,61
2510,95,72
2511,93,76
2512,91,76
2513,88,76
2514,96,75
2515,103,75
2516,100,75
2517,99,109
2518,97,109
2519,96,107
2520,95,97
2521,93,94
2522,91,94
2523,89,95
2524,87,94
2525,86,93
2526,82,93
2527,79,62
2528,76,62
2529,91,62
2530,96,61
2531,95,60
2532,95,60
2533,93,58
2534,89,59
2535,85,59
2536,84,59
2537,83,55
2538,81,55
2539,80,55
2540,78,66
2541,77,70
2542,74,70
2543,73,69
2544,86,68
2545,87,68
2546,87,68
2547,84,98
2548,83,98
2549,82,97
2550,81,88
2551,81,84
2552,80,84
2553,80,85
2554,77,85
2555,76,85
2556,74,85
2557,73,57
2558,73,57
2559,81,57
2560,85,54
2561,84,54
2562,82,53
2563,81,52
2564,81,53
2565,81,53
2566,81,53
2567,81,50
2568,79,50
2569,79,50
2570,78,61
2571,78,64
2572,76,64
2573,76,64
2574,83,63
2575,88,62
2576,88,62
2577,86,90
2578,85,90
2579,83,90
2580,81,81
2581,81,79
2582,81,79
2583,80,80
2584,79,80
2585,78,80
2586,77,79
2587,77,52
2588,75,51
2589,90,51
2590,95,49
2591,93,48
2592,93,48
2593,92,47
2594,92,48
2595,93,48
2596,92,48
2597,91,46
2598,89,46
2599,89,46
2600,89,56
2601,88,59
2602,87,59
2603,86,59
2604,102,58
2605,111,58
2606,111,58
2607,110,86
2608,110,86
2609,110,86
2610,109,76
2611,108,73
2612,105,73
2613,103,74
2614,103,74
2615,103,74
2616,103,74
2617,100,50
2618,98,50
2619,105,50
2620,115,50
2621,115,50
2622,114,49
2623,113,49
2624,112,50
2625,111,50
2626,111,50
2627,107,49
2628,106,49
2629,104,49
2630,104,59
2631,104,62
2632,104,61
2633,104,60
2634,122,59
2635,129,59
2636,127,59
2637,126,84
2638,125,84
2639,121,84
2640,119,75
2641,118,72
2642,117,72
2643,114,73
2644,112,73
2645,111,73
2646,111,73
2647,110,49
2648,110,49
2649,132,49
2650,143,48
2651,142,48
2652,139,48
2653,137,47
2654,135,48
2655,134,48
2656,134,48
2657,134,45
2658,134,45
2659,131,45
2660,131,56
2661,130,59
2662,129,59
2663,128,59
2664,140,58
2665,151,58
2666,150,58
2667,149,84
2668,147,84
2669,146,84
2670,146,75
2671,145,72
2672,145,72
2673,144,73
2674,140,73
2675,140,73
2676,139,73
2677,137,50
2678,134,50
2679,162,50
2680,169,49
2681,167,49
2682,166,49
2683,164,49
2684,163,50
2685,161,50
2686,160,50
2687,158,47
2688,156,47
2689,152,47
2690,148,57
2691,146,60
2692,146,59
2693,143,58
2694,168,57
2695,182,57
2696,180,57
2697,179,82
2698,176,82
2699,173,82
2700,171,76
2701,169,73
2702,166,73
2703,162,74
2704,160,73
2705,158,72
2706,156,72
2707,156,50
2708,152,50
2709,177,50
2710,189,49
2711,189,48
2712,188,48
2713,186,48
2714,185,49
2715,184,49
2716,183,48
2717,182,46
2718,182,46
2719,181,46
2720,179,52
2721,178,54
2722,178,54
2723,175,53
2724,211,52
2725,218,52
2726,216,52
2727,215,75
2728,211,75
2729,211,75
2730,209,66
2731,208,64
2732,207,64
2733,207,65
2734,203,65
2735,202,65
2736,200,65
2737,200,45
2738,200,45
2739,236,45
2740,247,44
2741,244,44
2742,240,44
2743,236,44
2744,236,45
2745,235,45
2746,235,44
2747,232,42
2748,228,42
2749,225,42
2750,223,49
2751,221,51
2752,218,51
2753,213,51
2754,257,51
2755,266,51
2756,266,51
2757,264,72
2758,262,72
2759,262,72
2760,260,67
2761,258,65
2762,253,65
2763,249,65
2764,246,64
2765,244,64
2766,240,64
2767,236,44
2768,234,44
2769,280,44
2770,293,41
2771,290,40
2772,286,40
2773,282,40
2774,278,41
2775,275,41
2776,269,41
2777,268,39
2778,265,39
2779,263,39
2780,263,47
2781,262,49
2782,257,48
2783,253,46
2784,302,45
2785,314,45
2786,313,45
2787,308,64
2788,302,64
2789,299,64
2790,297,59
2791,294,57
2792,289,57
2793,286,57
2794,283,57
2795,280,57
2796,277,57
2797,274,39
2798,272,39
2799,316,39
2800,327,37
2801,324,37
2802,322,37
2803,319,37
2804,316,38
2805,312,38
2806,310,38
2807,307,36
2808,303,36
2809,299,36
2810,296,43
2811,290,45
2812,286,45
2813,278,45
2814,331,44
2815,342,43
2816,336,43
2817,333,63
2818,332,63
2819,330,63
2820,325,60
2821,320,60
2822,316,60
2823,312,60
2824,307,60
2825,301,60
2826,299,60
2827,293,43
2828,290,43
2829,345,43
2830,362,42
2831,357,42
2832,353,42
2833,351,42
2834,348,43
2835,345,43
2836,344,43
2837,341,41
2838,337,41
2839,333,41
2840,331,48
2841,329,50
2842,328,50
2843,322,50
2844,367,50
2845,383,50
2846,378,50
2847,375,70
2848,369,70
2849,367,70
2850,360,68
2851,357,67
2852,353,67
2853,347,67
2854,343,66
2855,338,66
2856,333,66
2857,332,51
2858,329,51
2859,398,51
2860,412,48
2861,410,48
2862,406,48
2863,402,48
2864,398,49
2865,391,49
2866,390,49
2867,386,47
2868,383,47
2869,376,47
2870,373,55
2871,369,54
2872,366,54
2873,358,54
2874,426,53
2875,437,53
2876,430,53
2877,427,74
2878,423,74
2879,414,74
2880,409,72
2881,401,71
2882,397,71
2883,393,71
2884,390,70
2885,387,70
2886,384,70
2887,383,51
2888,377,51
2889,446,51
2890,469,49
2891,460,49
2892,453,49
2893,446,49
2894,438,50
2895,435,50
2896,431,50
2897,427,50
2898,425,50
2899,422,50
2900,417,59
2901,412,60
2902,407,60
2903,393,59
2904,477,59
2905,489,59
2906,483,59
2907,478,75
2908,464,75
2909,459,75
2910,453,72
2911,443,70
2912,435,70
2913,427,70
2914,419,70
2915,413,70
2916,408,70
2917,402,55
2918,389,55
2919,472,55
2920,485,51
2921,478,51
2922,468,50
2923,462,50
2924,455,50
2925,451,50
2926,444,50
2927,437,48
2928,433,48
2929,429,48
2930,426,58
2931,415,59
2932,410,59
2933,407,59
2934,478,58
2935,508,58
2936,500,58
2937,496,75
2938,491,75
2939,486,74
2940,477,67
2941,472,65
2942,464,65
2943,460,65
2944,453,65
2945,442,65
2946,436,64
2947,424,52
2948,413,52
2949,486,52
2950,512,50
2951,500,50
2952,492,50
2953,487,50
2954,481,51
2955,477,51
2956,472,51
2957,468,49
2958,463,49
2959,458,49
2960,451,60
2961,448,61
2962,441,61
2963,433,61
2964,508,60
2965,534,60
2966,524,60
2967,515,73
2968,507,72
2969,500,72
2970,494,65
2971,490,64
2972,482,64
2973,480,64
2974,472,64
2975,467,63
2976,465,63
2977,457,50
2978,455,50
2979,526,50
2980,559,48
2981,552,48
2982,548,48
2983,542,48
2984,529,49
2985,525,49
2986,520,49
2987,512,48
2988,505,48
2989,497,48
2990,488,61
2991,481,62
2992,471,62
2993,466,62
2994,560,61
2995,588,61
2996,581,61
2997,572,76
2998,564,76
2999,557,76
3000,552,67
3001,547,66
3002,541,66
3003,536,66
3004,532,66
3005,528,66
3006,524,66
3007,517,55
3008,512,55
3009,607,55
3010,637,53
3011,632,53
3012,623,53
3013,612,53
3014,602,54
3015,594,54
3016,586,54
3017,577,51
3018,569,51
3019,559,51
3020,553,66
3021,544,65
3022,532,65
3023,524,65
3024,612,64
3025,654,63
3026,647,63
3027,635,78
3028,627,78
3029,616,78
3030,609,73
3031,599,72
3032,590,71
3033,577,71
3034,573,71
3035,566,71
3036,559,71
3037,550,60
3038,538,60
3039,613,60
3040,659,58
3041,653,57
3042,642,57
3043,638,57
3044,633,57
3045,623,57
3046,618,57
3047,612,55
3048,604,55
3049,599,55
3050,590,67
3051,586,67
3052,580,67
3053,576,67
3054,665,66
3055,702,66
3056,696,66
3057,688,81
3058,675,81
3059,666,81
3060,656,71
3061,648,71
3062,637,71
3063,629,70
3064,619,70
3065,610,70
3066,606,70
3067,598,57
3068,595,57
3069,677,57
3070,727,56
3071,723,56
3072,717,56
3073,707,56
3074,694,56
3075,682,56
3076,667,56
3077,660,55
3078,652,55
3079,644,55
3080,640,71
3081,630,71
3082,623,71
3083,617,71
3084,688,71
3085,754,71
3086,739,71
3087,730,87
3088,718,86
3089,707,86
3090,700,77
3091,688,77
3092,679,77
3093,665,77
3094,653,77
3095,644,77
3096,635,77
3097,624,65
3098,619,65
3099,700,65
3100,767,64
3101,755,64
3102,749,64
3103,737,64
3104,727,64
3105,718,64
3106,713,64
3107,699,61
3108,684,61
3109,669,61
3110,662,79
3111,649,79
3112,634,79
3113,626,79
3114,688,79
3115,746,79
3116,732,79
3117,720,96
3118,713,96
3119,695,96
3120,681,89
3121,666,89
3122,646,89
3123,636,89
3124,622,89
3125,612,89
3126,601,89
3127,591,75
3128,581,75
3129,643,75
3130,709,72
3131,707,72
3132,696,72
3133,689,72
3134,676,72
3135,671,72
3136,662,72
3137,648,71
3138,638,71
3139,626,71
3140,616,93
3141,604,93
3142,593,93
3143,579,93
3144,629,93
3145,698,93
3146,684,93
3147,664,110
3148,648,109
3149,631,109
3150,616,98
3151,599,98
3152,587,98
3153,576,98
3154,562,98
3155,551,98
3156,543,98
3157,533,85
3158,528,85
3159,576,84
3160,636,80
3161,633,80
3162,616,80
3163,602,80
3164,585,80
3165,578,80
3166,562,79
3167,549,77
3168,538,77
3169,526,77
3170,518,100
3171,508,100
3172,498,100
3173,486,100
3174,542,100
3175,586,100
3176,582,100
3177,566,117
3178,546,117
3179,529,117
3180,519,99
3181,503,99
3182,492,99
3183,478,99
3184,466,99
3185,459,99
3186,451,99
3187,443,87
3188,434,87
3189,473,86
3190,516,85
3191,510,85
3192,495,85
3193,486,85
3194,477,85
3195,466,85
3196,455,85
3197,444,84
3198,438,84
3199,430,84
3200,415,111
3201,412,111
3202,402,111
3203,394,111
3204,435,111
3205,471,111
3206,461,111
3207,450,128
3208,440,128
3209,433,127
3210,417,105
3211,408,105
3212,403,105
3213,396,105
3214,386,105
3215,373,105
3216,370,104
3217,363,86
3218,351,86
3219,392,86
3220,426,80
3221,422,80
3222,412,80
3223,402,80
3224,391,80
3225,381,80
3226,369,80
3227,361,78
3228,353,78
3229,343,78
3230,331,108
3231,325,108
3232,317,108
3233,309,108
3234,330,108
3235,365,108
3236,360,108
3237,354,127
3238,346,126
3239,340,126
3240,337,101
3241,328,101
3242,321,101
3243,314,101
3244,310,101
3245,298,100
3246,292,100
3247,291,86
3248,284,85
3249,311,85
3250,348,80
3251,343,80
3252,331,80
3253,327,80
3254,317,80
3255,308,80
3256,301,79
3257,293,78
3258,285,78
3259,274,78
3260,264,112
3261,262,112
3262,255,112
3263,249,112
3264,274,112
3265,298,112
3266,291,112
3267,285,129
3268,277,129
3269,268,129
3270,259,99
3271,253,99
3272,251,99
3273,245,99
3274,239,99
3275,232,99
3276,228,99
3277,219,82
3278,215,82
3279,243,80
3280,267,76
3281,266,76
3282,260,76
3283,251,76
3284,244,76
3285,237,76
3286,228,76
3287,224,71
3288,220,71
3289,215,71
3290,209,105
3291,205,104
3292,199,104
3293,187,104
3294,213,103
3295,224,103
3296,217,103
3297,214,119
3298,208,119
3299,201,118
3300,190,89
3301,185,89
3302,179,89
3303,174,89
3304,168,89
3305,164,89
3306,156,89
3307,149,74
3308,144,74
3309,169,73
3310,173,69
3311,173,69
3312,171,69
3313,163,69
3314,155,69
3315,153,69
3316,150,69
3317,146,66
3318,141,66
3319,137,65
3320,137,96
3321,135,96
3322,133,95
3323,131,95
3324,149,95
3325,158,95
3326,155,95
3327,153,113
3328,146,113
3329,145,113
3330,143,88
3331,141,88
3332,139,88
3333,137,88
3334,135,88
3335,133,88
3336,130,88
3337,127,71
3338,125,71
3339,145,71
3340,151,66
3341,150,66
3342,148,66
3343,147,66
3344,146,66
3345,145,66
3346,142,66
3347,140,65
3348,138,65
3349,136,65
3350,134,94
3351,132,94
3352,131,94
3353,130,94
3354,163,94
3355,170,93
3356,169,93
3357,168,113
3358,163,113
3359,162,113
3360,158,89
3361,155,89
3362,152,89
3363,149,88
3364,149,88
3365,146,88
3366,140,87
3367,136,69
3368,136,69
3369,164,69
3370,166,64
3371,164,64
3372,162,64
3373,160,64
3374,158,64
3375,156,64
3376,156,64
3377,154,60
3378,152,60
3379,151,60
3380,148,87
3381,146,87
3382,143,87
3383,139,86
3384,165,86
3385,165,86
3386,162,86
3387,160,108
3388,157,108
3389,155,108
3390,151,84
3391,148,84
3392,146,84
3393,140,84
3394,139,84
3395,134,83
3396,134,83
3397,132,62
3398,131,62
3399,155,62
3400,150,59
3401,143,59
3402,139,59
3403,136,59
3404,132,59
3405,132,58
3406,129,57
3407,127,57
3408,124,57
3409,123,57
3410,119,85
3411,115,85
3412,112,84
3413,111,84
3414,140,83
3415,137,83
3416,133,83
3417,128,101
3418,126,101
3419,123,101
3420,120,74
3421,118,74
3422,116,74
3423,114,74
3424,113,74
3425,108,74
3426,103,74
3427,101,55
3428,99,55
3429,126,54
3430,123,54
3431,122,54
3432,121,54
3433,119,54
3434,118,53
3435,116,53
3436,114,53
3437,114,52
3438,110,52
3439,108,52
3440,108,77
3441,106,77
3442,103,77
3443,102,77
3444,121,77
3445,122,77
3446,118,77
3447,115,94
3448,112,94
3449,108,94
3450,103,72
3451,100,71
3452,99,71
3453,98,71
3454,97,71
3455,97,71
3456,93,71
3457,91,54
3458,90,54
3459,100,53
3460,96,53
3461,94,53
3462,90,53
3463,89,53
3464,87,53
3465,84,53
3466,80,53
3467,78,53
3468,78,53
3469,74,53
3470,74,75
3471,71,75
3472,70,75
3473,69,75
3474,84,75
3475,84,75
3476,81,75
3477,80,89
3478,76,89
3479,74,89
3480,73,65
3481,73,65
3482,71,65
3483,69,65
3484,68,65
3485,66,65
3486,65,64
3487,63,49
3488,62,49
3489,75,49
3490,74,48
3491,72,47
3492,72,47
3493,70,47
3494,69,47
3495,69,47
3496,68,47
3497,67,47
3498,67,47
3499,67,47
3500,64,72
3501,62,72
3502,60,71
3503,60,71
3504,77,71
3505,77,71
3506,76,71
3507,74,85
3508,73,84
3509,73,83
3510,73,60
3511,72,60
3512,72,60
3513,71,60
3514,70,60
3515,69,60
3516,69,60
3517,69,46
3518,67,46
3519,85,46
3520,85,44
3521,84,44
3522,83,44
3523,83,44
3524,82,44
3525,82,44
3526,80,44
3527,80,43
3528,80,43
3529,80,42
3530,80,66
3531,79,65
3532,79,65
3533,79,65
3534,100,64
3535,99,64
3536,97,63
3537,96,74
3538,94,74
3539,93,73
3540,90,50
3541,90,50
3542,87,49
3543,86,49
3544,86,49
3545,84,48
3546,84,48
3547,82,38
3548,80,38
3549,96,38
3550,96,37
3551,95,37
3552,95,37
3553,94,36
3554,94,35
3555,93,35
3556,92,35
3557,91,33
3558,90,33
3559,89,33
3560,88,50
3561,86,50
3562,85,50
3563,84,50
3564,105,50
3565,104,50
3566,103,50
3567,99,60
3568,99,60
3569,97,60
3570,94,45
3571,93,45
3572,91,45
3573,91,44
3574,90,44
3575,88,44
3576,88,44
3577,87,32
3578,86,31
3579,103,31
3580,103,29
3581,102,29
3582,102,29
3583,100,29
3584,97,29
3585,97,29
3586,97,29
3587,96,29
3588,94,29
3589,92,29
3590,90,43
3591,90,43
3592,89,43
3593,89,43
3594,115,43
3595,114,43
3596,112,43
3597,111,51
3598,111,51
3599,110,51
3600,108,38
3601,107,38
3602,106,38
3603,106,38
3604,104,38
3605,104,38
3606,104,38
3607,103,28
3608,103,28
3609,128,28
3610,127,25
3611,127,25
3612,124,25
3613,124,25
3614,122,25
3615,120,25
3616,119,25
3617,118,25
3618,118,25
3619,116,25
3620,116,34
3621,116,34
3622,115,34
3623,113,34
3624,137,34
3625,137,33
3626,137,33
3627,136,39
3628,136,39
3629,136,39
3630,136,28
3631,136,28
3632,135,28
3633,135,28
3634,133,28
3635,133,28
3636,132,28
3637,129,22
3638,129,22
3639,161,22
3640,160,22
3641,158,21
3642,158,21
3643,157,21
3644,157,21
3645,157,21
3646,157,21
3647,157,19
3648,157,19
3649,156,19
3650,156,26
3651,155,26
3652,155,26
3653,155,26
3654,202,26
3655,202,26
3656,201,26
3657,199,33
3658,195,33
3659,193,32
3660,193,24
3661,193,24
3662,193,24
3663,193,24
3664,193,24
3665,192,24
3666,192,24
3667,192,17
3668,191,17
3669,241,17
3670,241,17
3671,241,16
3672,241,16
3673,241,16
3674,241,16
3675,241,16
3676,240,16
3677,239,16
3678,239,16
3679,239,16
3680,238,22
3681,237,22
3682,235,22
3683,235,22
3684,295,22
3685,294,22
3686,293,22
3687,292,27
3688,292,27
3689,291,27
3690,290,22
3691,288,22
3692,285,22
3693,284,22
3694,284,22
3695,283,22
3696,282,22
3697,280,18
3698,278,18
3699,342,18
3700,341,18
3701,337,18
3702,335,18
3703,334,18
3704,333,18
3705,332,18
3706,332,18
3707,330,17
3708,330,17
3709,330,17
3710,330,23
3711,330,23
3712,329,23
3713,329,23
3714,420,23
3715,419,23
3716,417,23
3717,416,25
3718,413,25
3719,409,25
3720,408,20
3721,406,20
3722,404,20
3723,403,20
3724,402,20
3725,397,20
3726,397,20
3727,397,15
3728,396,15
3729,494,15
3730,492,14
3731,491,14
3732,490,14
3733,489,14
3734,487,14
3735,483,14
3736,481,14
3737,479,14
3738,475,14
3739,472,14
3740,470,19
3741,467,19
3742,465,19
3743,464,19
3744,583,19
3745,582,19
3746,580,19
3747,577,23
3748,575,23
3749,574,23
3750,572,19
3751,570,19
3752,570,19
3753,568,19
3754,564,19
3755,562,19
3756,562,19
3757,559,16
3758,556,16
3759,699,16
3760,698,15
3761,694,15
3762,688,15
3763,685,14
3764,685,14
3765,680,14
3766,675,14
3767,670,14
3768,667,14
3769,665,14
3770,659,19
3771,659,19
3772,657,19
3773,656,19
3774,818,19
3775,816,19
3776,809,19
3777,800,23
3778,795,23
3779,788,23
3780,782,21
3781,779,21
3782,774,21
3783,770,21
3784,767,21
3785,761,21
3786,758,21
3787,756,19
3788,752,19
3789,956,19
3790,953,18
3791,948,18
3792,942,18
3793,938,18
3794,934,18
3795,929,18
3796,925,18
3797,922,17
3798,919,17
3799,913,17
3800,907,22
3801,896,22
3802,891,22
3803,887,22
3804,995,22
3805,989,22
3806,984,22
3807,974,27
3808,969,27
3809,962,27
3810,953,26
3811,940,26
3812,929,26
3813,917,26
3814,908,26
3815,896,26
3816,885,26
3817,878,25
3818,873,25
3819,992,25
3820,985,25
3821,969,25
3822,959,25
3823,947,25
3824,936,25
3825,929,25
3826,924,25
3827,914,23
3828,901,23
3829,891,23
3830,885,29
3831,872,29
3832,865,29
3833,849,29
3834,988,29
3835,979,29
3836,970,29
3837,960,34
3838,952,34
3839,945,34
3840,936,33
3841,926,33
3842,915,33
3843,912,33
3844,897,33
3845,890,33
3846,880,33
3847,867,31
3848,864,31
3849,984,31
3850,982,31
3851,976,31
3852,966,31
3853,962,31
3854,957,31
3855,956,31
3856,943,31
3857,933,31
3858,930,31
3859,922,31
3860,915,36
3861,907,36
3862,902,36
3863,893,36
3864,963,36
3865,952,36
3866,938,36
3867,927,41
3868,922,41
3869,913,41
3870,902,40
3871,894,40
3872,888,40
3873,883,40
3874,872,40
3875,857,40
3876,854,40
3877,841,38
3878,833,38
3879,908,38
3880,900,37
3881,891,37
3882,878,37
3883,871,37
3884,864,37
3885,854,37
3886,848,37
3887,840,36
3888,830,36
3889,825,36
3890,819,43
3891,811,43
3892,804,43
3893,799,43
3894,904,43
3895,898,43
3896,892,42
3897,888,48
3898,881,48
3899,873,48
3900,865,45
3901,856,45
3902,852,45
3903,845,45
3904,834,45
3905,829,45
3906,818,45
3907,809,41
3908,801,41
3909,891,41
3910,885,40
3911,876,40
3912,869,40
3913,858,40
3914,844,40
3915,840,40
3916,827,40
3917,819,40
3918,810,40
3919,797,40
3920,792,53
3921,784,53
3922,775,53
3923,770,53
3924,881,53
3925,879,53
3926,871,53
3927,866,61
3928,863,61
3929,855,61
3930,844,55
3931,832,55
3932,818,55
3933,813,55
3934,805,55
3935,796,55
3936,786,55
3937,785,52
3938,777,52
3939,937,52
3940,932,49
3941,926,49
3942,922,49
3943,917,49
3944,907,49
3945,902,49
3946,893,49
3947,889,47
3948,884,47
3949,880,47
3950,872,62
3951,870,62
3952,863,62
3953,859,62
3954,1000,62
3955,996,62
3956,990,62
3957,981,71
3958,969,71
3959,961,70
3960,951,59
3961,941,59
3962,934,59
3963,929,59
3964,922,59
3965,916,59
3966,906,59
3967,896,55
3968,882,55
3969,991,55
3970,984,55
3971,974,55
3972,966,55
3973,959,55
3974,952,55
3975,947,55
3976,935,55
3977,932,53
3978,922,53
3979,914,53
3980,906,68
3981,895,68
3982,881,68
3983,869,68
3984,986,68
3985,979,68
3986,972,68
3987,958,80
3988,948,80
3989,943,80
3990,938,68
3991,929,68
3992,918,68
3993,910,68
3994,901,68
3995,893,68
3996,884,66
3997,875,61
3998,869,61
3999,974,61
4000,972,58
4001,965,58
4002,962,58
4003,954,58
4004,944,58
4005,932,58
4006,921,58
4007,913,54
4008,907,54
4009,905,54
4010,898,74
4011,889,74
4012,883,74
4013,873,74
4014,971,74
4015,970,74
4016,958,74
4017,951,85
4018,940,85
4019,933,84
4020,927,70
4021,922,70
4022,915,70
4023,908,70
4024,900,70
4025,893,70
4026,889,69
4027,885,60
4028,877,60
4029,941,60
4030,944,57
4031,933,57
4032,924,57
4033,915,57
4034,908,57
4035,898,57
4036,892,57
4037,888,55
4038,881,55
4039,876,55
4040,871,76
4041,866,76
4042,862,76
4043,853,76
4044,928,76
4045,927,76
4046,920,76
4047,909,89
4048,900,89
4049,888,89
4050,883,71
4051,877,71
4052,874,71
4053,859,71
4054,851,71
4055,842,71
4056,834,70
4057,823,58
4058,814,58
4059,902,58
4060,904,57
4061,898,57
4062,890,57
4063,886,57
4064,877,57
4065,869,56
4066,861,56
4067,858,55
4068,850,55
4069,835,55
4070,832,77
4071,820,77
4072,811,76
4073,801,76
4074,883,75
4075,884,75
4076,880,75
4077,869,89
4078,863,89
4079,850,89
4080,847,74
4081,840,74
4082,824,74
4083,818,74
4084,812,74
4085,806,74
4086,804,74
4087,798,62
4088,794,62
4089,882,62
4090,886,62
4091,879,62
4092,875,62
4093,870,62
4094,865,62
4095,859,62
4096,853,62
4097,846,60
4098,843,60
4099,837,60
4100,832,79
4101,826,79
4102,819,79
4103,811,78
4104,934,78
4105,948,78
4106,941,78
4107,936,92
4108,924,92
4109,918,92
4110,908,73
4111,901,73
4112,893,73
4113,887,73
4114,876,73
4115,870,72
4116,864,72
4117,855,58
4118,846,58
4119,994,58
4120,1000,56
4121,994,56
4122,988,56
4123,980,56
4124,973,56
4125,963,56
4126,953,55
4127,941,54
4128,930,54
4129,921,54
4130,917,78
4131,907,78
4132,898,77
4133,888,77
4134,993,77
4135,998,77
4136,993,77
4137,981,89
4138,972,88
4139,959,88
4140,945,69
4141,932,69
4142,921,69
4143,910,69
4144,902,68
4145,888,68
4146,881,68
4147,872,58
4148,860,58
4149,991,58
4150,1000,54
4151,998,54
4152,992,53
4153,988,53
4154,974,53
4155,967,53
4156,950,53
4157,943,52
4158,932,52
4159,926,52
4160,923,78
4161,914,78
4162,898,78
4163,886,78
4164,983,78
4165,996,78
4166,999,78
4167,984,88
4168,966,88
4169,957,88
4170,940,68
4171,927,68
4172,910,68
4173,898,68
4174,886,67
4175,879,67
4176,864,67
4177,858,58
4178,851,58
4179,943,56
4180,971,54
4181,973,54
4182,967,54
4183,955,53
4184,944,53
4185,927,53
4186,910,53
4187,894,51
4188,872,51
4189,853,51
4190,832,77
4191,809,77
4192,793,77
4193,780,77
4194,901,77
4195,906,77
4196,903,77
4197,889,86
4198,874,86
4199,864,86
4200,847,71
4201,830,71
4202,818,70
4203,803,69
4204,794,69
4205,788,69
4206,774,69
4207,763,60
4208,749,59
4209,849,59
4210,859,55
4211,850,54
4212,844,54
4213,829,54
4214,821,54
4215,813,54
4216,798,54
4217,789,54
4218,780,54
4219,771,54
4220,764,77
4221,751,77
4222,735,77
4223,724,77
4224,811,77
4225,823,77
4226,823,77
4227,818,84
4228,806,83
4229,795,83
4230,771,67
4231,759,67
4232,752,66
4233,743,66
4234,733,66
4235,723,66
4236,711,66
4237,704,61
4238,695,60
4239,816,60
4240,833,59
4241,836,59
4242,838,59
4243,829,59
4244,816,59
4245,806,59
4246,795,59
4247,784,57
4248,777,57
4249,769,56
4250,760,79
4251,755,79
4252,739,79
4253,728,79
4254,864,79
4255,877,79
4256,865,79
4257,853,86
4258,842,86
4259,830,86
4260,812,67
4261,790,67
4262,780,67
4263,763,67
4264,750,67
4265,737,67
4266,717,67
4267,703,63
4268,689,63
4269,823,63
4270,835,59
4271,825,59
4272,823,59
4273,809,59
4274,795,59
4275,782,59
4276,768,59
4277,757,58
4278,748,58
4279,736,58
4280,726,85
4281,713,85
4282,700,85
4283,687,85
4284,813,85
4285,824,85
4286,812,85
4287,797,91
4288,782,91
4289,773,91
4290,760,74
4291,746,74
4292,733,74
4293,716,74
4294,704,74
4295,694,74
4296,685,74
4297,676,68
4298,668,68
4299,804,68
4300,809,63
4301,804,63
4302,790,63
4303,785,63
4304,768,63
4305,758,63
4306,743,63
4307,728,62
4308,715,62
4309,706,62
4310,699,97
4311,682,97
4312,673,97
4313,664,97
4314,787,97
4315,789,97
4316,782,97
4317,771,103
4318,761,103
4319,748,103
4320,735,80
4321,721,80
4322,708,80
4323,698,80
4324,687,80
4325,675,80
4326,662,80
4327,653,77
4328,645,76
4329,776,76
4330,778,69
4331,770,69
4332,760,69
4333,750,69
4334,733,69
4335,727,69
4336,714,69
4337,706,66
4338,693,66
4339,688,66
4340,680,103
4341,673,103
4342,660,102
4343,648,102
4344,808,102
4345,812,102
4346,798,102
4347,790,107
4348,778,107
4349,764,107
4350,756,77
4351,741,77
4352,727,77
4353,712,77
4354,697,77
4355,684,77
4356,675,77
4357,665,73
4358,658,73
4359,802,73
4360,808,69
4361,791,69
4362,780,69
4363,766,69
4364,755,68
4365,748,68
4366,734,68
4367,722,68
4368,711,68
4369,702,68
4370,693,110
4371,680,110
4372,661,110
4373,648,110
4374,783,110
4375,781,110
4376,762,110
4377,749,116
4378,738,116
4379,729,116
4380,716,81
4381,701,81
4382,687,81
4383,672,81
4384,659,81
4385,647,81
4386,634,81
4387,632,77
4388,618,77
4389,757,77
4390,759,75
4391,737,75
4392,718,75
4393,701,75
4394,680,75
4395,669,75
4396,649,75
4397,633,75
4398,620,75
4399,602,75
4400,593,121
4401,575,121
4402,562,121
4403,547,121
4404,657,121
4405,657,121
4406,636,121
4407,621,128
4408,610,128
4409,602,127
4410,589,91
4411,580,91
4412,566,91
4413,557,91
4414,546,91
4415,532,91
4416,522,91
4417,513,87
4418,494,87
4419,609,86
4420,613,83
4421,597,82
4422,584,82
4423,572,82
4424,561,82
4425,549,82
4426,533,82
4427,517,80
4428,511,80
4429,504,80
4430,491,128
4431,474,128
4432,462,128
4433,448,128
4434,545,128
4435,544,128
4436,532,128
4437,517,135
4438,507,135
4439,490,135
4440,484,95
4441,467,95
4442,459,95
4443,451,95
4444,441,95
4445,430,95
4446,426,95
4447,419,90
4448,410,90
4449,491,90
4450,492,87
4451,489,87
4452,477,87
4453,463,86
4454,450,86
4455,441,86
4456,427,86
4457,417,85
4458,409,85
4459,404,85
4460,389,135
4461,382,135
4462,368,135
4463,357,135
4464,443,135
4465,441,135
4466,425,135
4467,412,142
4468,395,142
4469,388,142
4470,382,100
4471,366,100
4472,355,100
4473,347,100
4474,340,100
4475,328,100
4476,320,100
4477,308,93
4478,304,93
4479,369,93
4480,368,90
4481,360,90
4482,357,90
4483,350,90
4484,337,90
4485,335,90
4486,331,90
4487,328,89
4488,321,89
4489,308,89
4490,298,145
4491,291,145
4492,286,145
4493,276,145
4494,319,145
4495,319,145
4496,313,145
4497,305,155
4498,297,155
4499,292,155
4500,287,107
4501,279,107
4502,273,107
4503,263,106
4504,258,106
4505,252,106
4506,247,105
4507,239,97
4508,231,97
4509,277,97
4510,276,90
4511,270,90
4512,265,90
4513,258,90
4514,248,90
4515,244,89
4516,239,89
4517,234,89
4518,229,89
4519,224,89
4520,219,150
4521,216,150
4522,208,150
4523,199,150
4524,244,150
4525,245,150
4526,238,150
4527,228,161
4528,220,160
4529,218,160
4530,209,107
4531,207,107
4532,203,106
4533,198,106
4534,193,106
4535,185,106
4536,181,106
4537,175,96
4538,169,95
4539,214,95
4540,211,89
4541,205,89
4542,201,88
4543,197,88
4544,194,88
4545,193,88
4546,189,88
4547,187,86
4548,186,86
4549,180,86
4550,175,139
4551,169,139
4552,167,139
4553,158,139
4554,194,139
4555,188,139
4556,184,139
4557,180,150
4558,177,150
4559,172,149
4560,170,100
4561,164,100
4562,163,100
4563,162,100
4564,159,100
4565,157,100
4566,154,100
4567,152,91
4568,149,91
4569,171,91
4570,171,88
4571,170,87
4572,166,87
4573,164,87
4574,162,87
4575,160,87
4576,160,86
4577,159,85
4578,155,85
4579,154,85
4580,149,134
4581,143,134
4582,139,134
4583,131,134
4584,165,134
4585,163,134
4586,160,134
4587,155,143
4588,152,143
4589,149,143
4590,147,88
4591,142,87
4592,137,87
4593,135,87
4594,134,87
4595,130,87
4596,126,87
4597,124,77
4598,124,77
4599,152,76
4600,154,73
4601,151,73
4602,150,73
4603,148,73
4604,146,73
4605,144,73
4606,137,72
4607,135,72
4608,133,72
4609,131,72
4610,129,122
4611,125,122
4612,124,122
4613,122,122
4614,147,122
4615,146,122
4616,143,121
4617,137,132
4618,131,132
4619,127,131
4620,120,85
4621,114,85
4622,112,85
4623,112,84
4624,110,84
4625,106,84
4626,101,83
4627,99,71
4628,95,71
4629,122,71
4630,123,67
4631,121,67
4632,118,67
4633,114,67
4634,111,67
4635,110,67
4636,108,67
4637,105,66
4638,102,66
4639,98,66
4640,96,113
4641,92,113
4642,90,113
4643,87,113
4644,102,113
4645,103,113
4646,99,113
4647,94,124
4648,91,124
4649,86,124
4650,80,81
4651,75,81
4652,73,81
4653,70,81
4654,67,81
4655,65,80
4656,64,79
4657,62,69
4658,61,69
4659,75,69
4660,74,65
4661,74,65
4662,74,65
4663,70,65
4664,67,65
4665,66,65
4666,64,65
4667,61,64
4668,61,64
4669,61,64
4670,59,111
4671,59,110
4672,57,109
4673,55,109
4674,68,109
4675,69,109
4676,67,109
4677,66,118
4678,66,118
4679,64,118
4680,62,71
4681,61,71
4682,58,71
4683,56,71
4684,55,71
4685,55,71
4686,55,71
4687,54,62
4688,54,61
4689,66,61
4690,65,60
4691,65,60
4692,64,60
4693,62,60
4694,59,60
4695,58,60
4696,58,59
4697,58,59
4698,57,59
4699,57,59
4700,56,105
4701,56,105
4702,56,105
4703,56,104
4704,68,104
4705,67,104
4706,66,103
4707,66,109
4708,65,109
4709,65,109
4710,65,64
4711,65,64
4712,65,64
4713,65,64
4714,63,64
4715,62,64
4716,62,64
4717,62,57
4718,61,57
4719,74,57
4720,75,55
4721,75,55
4722,75,55
4723,73,54
4724,73,54
4725,72,54
4726,72,54
4727,71,53
4728,70,53
4729,69,53
4730,67,98
4731,65,98
4732,64,98
4733,62,98
4734,72,98
4735,74,98
4736,72,98
4737,71,104
4738,71,103
4739,71,103
4740,70,60
4741,69,60
4742,69,59
4743,68,59
4744,66,59
4745,65,59
4746,65,59
4747,63,53
4748,62,53
4749,76,52
4750,78,51
4751,78,51
4752,78,51
4753,78,51
4754,78,51
4755,78,51
4756,78,51
4757,78,51
4758,77,51
4759,77,51
4760,76,93
4761,75,93
4762,74,93
4763,74,92
4764,84,92
4765,87,92
4766,87,92
4767,86,97
4768,85,97
4769,85,96
4770,83,56
4771,82,56
4772,82,56
4773,82,56
4774,81,56
4775,81,56
4776,81,56
4777,81,50
4778,80,50
4779,96,50
4780,98,47
4781,97,47
4782,97,47
4783,97,47
4784,97,47
4785,97,47
4786,96,47
4787,95,47
4788,94,47
4789,94,47
4790,94,86
4791,92,86
4792,91,86
4793,91,86
4794,120,86
4795,122,86
4796,121,86
4797,119,92
4798,119,92
4799,119,92
4800,117,58
4801,113,58
4802,113,58
4803,113,57
4804,112,57
4805,112,57
4806,112,57
4807,112,51
4808,112,51
4809,141,51
4810,145,46
4811,145,46
4812,145,46
4813,145,46
4814,144,46
4815,143,46
4816,142,46
4817,141,46
4818,141,46
4819,141,46
4820,140,83
4821,140,83
4822,137,83
4823,136,83
4824,164,83
4825,164,82
4826,161,81
4827,160,86
4828,159,86
4829,159,86
4830,158,54
4831,158,54
4832,157,54
4833,156,53
4834,156,53
4835,155,53
4836,155,53
4837,154,48
4838,154,48
4839,196,48
4840,198,43
4841,197,43
4842,196,43
4843,194,43
4844,194,43
4845,191,43
4846,191,43
4847,191,43
4848,191,43
4849,191,43
4850,191,78
4851,190,78
4852,190,78
4853,190,78
4854,235,78
4855,239,78
4856,234,78
4857,233,83
4858,233,83
4859,233,83
4860,231,52
4861,231,52
4862,230,52
4863,230,52
4864,228,52
4865,228,52
4866,227,52
4867,226,48
4868,225,48
4869,282,48
4870,283,45
4871,283,45
4872,283,45
4873,283,45
4874,281,45
4875,279,45
4876,277,45
4877,274,44
4878,273,44
4879,271,44
4880,271,78
4881,270,78
4882,268,78
4883,268,78
4884,326,78
4885,330,78
4886,326,78
4887,322,83
4888,318,83
4889,313,82
4890,312,50
4891,308,50
4892,304,50
4893,299,50
4894,295,50
4895,293,50
4896,290,50
4897,285,46
4898,284,46
4899,357,46
4900,359,43
4901,357,43
4902,354,43
4903,351,43
4904,346,43
4905,344,43
4906,341,43
4907,338,42
4908,337,42
4909,333,42
4910,330,75
4911,327,75
4912,322,74
4913,320,74
4914,399,74
4915,399,74
4916,396,74
4917,394,79
4918,384,79
4919,380,79
4920,375,50
4921,370,49
4922,363,49
4923,358,48
4924,356,48
4925,353,48
4926,352,48
4927,347,44
4928,341,44
4929,412,44
4930,414,42
4931,409,42
4932,401,42
4933,396,42
4934,390,42
4935,387,42
4936,384,42
4937,383,42
4938,378,42
4939,374,42
4940,366,70
4941,363,69
4942,357,69
4943,350,69
4944,428,69
4945,429,69
4946,423,69
4947,415,74
4948,410,74
4949,403,74
4950,397,47
4951,389,47
4952,381,47
4953,374,47
4954,366,47
4955,356,47
4956,346,47
4957,333,42
4958,331,42
4959,418,42
4960,419,41
4961,405,41
4962,392,41
4963,383,41
4964,373,41
4965,367,41
4966,359,41
4967,351,41
4968,345,41
4969,337,41
4970,333,70
4971,326,70
4972,315,70
4973,308,70
4974,358,70
4975,359,70
4976,346,70
4977,337,75
4978,330,75
4979,323,75
4980,313,55
4981,304,55
4982,294,55
4983,291,55
4984,282,55
4985,275,55
4986,268,55
4987,260,51
4988,252,51
4989,291,51
4990,285,47
4991,276,47
4992,262,47
4993,258,47
4994,254,47
4995,248,47
4996,243,47
4997,241,47
4998,237,47
4999,235,47
