1,396,104
2,360,104
3,328,106
4,307,107
5,293,109
6,274,110
7,266,111
8,257,111
9,249,113
10,240,111
11,226,112
12,219,108
13,216,108
14,201,106
15,190,112
16,272,107
17,266,105
18,258,106
19,252,105
20,241,107
21,233,103
22,229,103
23,222,101
24,216,101
25,213,96
26,209,93
27,204,92
28,200,89
29,194,88
30,194,86
31,248,86
32,239,83
33,235,81
34,230,80
35,228,75
36,221,74
37,219,70
38,215,69
39,212,66
40,212,63
41,209,60
42,205,55
43,203,55
44,201,53
45,200,55
46,217,53
47,216,52
48,212,54
49,209,57
50,204,56
51,202,57
52,196,57
53,193,57
54,187,54
55,186,51
56,183,52
57,180,51
58,180,48
59,179,46
60,178,44
61,210,43
62,206,43
63,203,40
64,200,40
65,200,38
66,197,36
67,196,35
68,195,34
69,193,30
70,192,30
71,191,29
72,190,29
73,190,28
74,194,27
75,194,28
76,230,28
77,230,28
78,228,30
79,229,28
80,227,27
81,227,25
82,228,23
83,228,23
84,227,23
85,225,22
86,224,22
87,224,22
88,228,19
89,227,19
90,227,19
91,266,19
92,266,19
93,264,19
94,266,19
95,266,18
96,266,18
97,267,18
98,268,16
99,266,16
100,266,16
101,265,15
102,263,14
103,268,13
104,268,13
105,271,14
106,313,14
107,313,13
108,312,15
109,313,15
110,311,15
111,311,15
112,312,15
113,316,16
114,314,15
115,316,15
116,313,15
117,313,15
118,315,13
119,317,13
120,317,13
121,378,14
122,377,14
123,374,14
124,374,14
125,374,14
126,372,14
127,376,14
128,378,14
129,377,14
130,377,14
131,376,13
132,376,13
133,379,13
134,382,14
135,383,12
136,454,12
137,454,12
138,454,14
139,452,14
140,451,14
141,449,14
142,451,14
143,460,14
144,460,13
145,461,13
146,459,13
147,463,13
148,470,13
149,473,13
150,477,13
151,557,14
152,557,14
153,556,15
154,560,15
155,556,14
156,554,14
157,562,14
158,566,14
159,563,14
160,565,14
161,564,13
162,562,13
163,571,12
164,573,13
165,574,14
166,658,14
167,657,14
168,652,16
169,654,16
170,653,16
171,652,16
172,657,16
173,665,16
174,661,15
175,663,14
176,659,14
177,658,14
178,666,14
179,664,14
180,662,14
181,785,15
182,785,14
183,780,14
184,780,14
185,781,14
186,779,14
187,784,14
188,796,14
189,792,14
190,797,14
191,794,13
192,792,13
193,801,13
194,799,14
195,802,15
196,951,15
197,947,16
198,942,19
199,940,19
200,941,19
201,939,19
202,947,19
203,959,19
204,955,19
205,952,18
206,947,18
207,944,18
208,954,17
209,954,17
210,955,17
211,997,18
212,996,18
213,991,18
214,988,18
215,985,18
216,984,18
217,998,18
218,1000,18
219,997,18
220,998,18
221,993,18
222,998,18
223,1000,18
224,1000,18
225,1000,19
226,1000,19
227,999,20
228,997,22
229,999,22
230,999,22
231,995,22
232,1000,22
233,999,23
234,995,22
235,1000,21
236,995,21
237,994,21
238,1000,21
239,1000,21
240,1000,21
241,996,21
242,995,21
243,990,21
244,987,21
245,985,21
246,978,21
247,993,21
248,1000,21
249,994,21
250,1000,21
251,992,21
252,991,21
253,1000,21
254,999,22
255,1000,23
256,988,23
257,983,24
258,977,28
259,977,28
260,980,28
261,978,27
262,996,27
263,999,28
264,995,28
265,996,27
266,990,27
267,991,26
268,997,23
269,998,23
270,1000,23
271,970,24
272,964,24
273,961,24
274,963,24
275,962,23
276,959,23
277,983,23
278,998,22
279,993,22
280,1000,22
281,997,21
282,996,21
283,999,21
284,1000,22
285,998,23
286,942,23
287,940,24
288,938,30
289,937,30
290,939,30
291,934,30
292,957,30
293,966,31
294,961,31
295,961,31
296,958,31
297,959,30
298,987,30
299,994,30
300,998,30
301,935,30
302,928,30
303,927,30
304,930,30
305,935,30
306,932,30
307,971,30
308,990,28
309,987,28
310,991,28
311,985,28
312,983,28
313,990,27
314,994,27
315,996,28
316,915,28
317,913,30
318,910,35
319,917,35
320,919,35
321,914,34
322,959,34
323,973,34
324,970,34
325,977,34
326,970,34
327,969,34
328,982,30
329,990,30
330,989,30
331,909,30
332,903,30
333,900,30
334,902,30
335,902,30
336,901,30
337,962,29
338,992,28
339,990,28
340,999,28
341,998,28
342,996,28
343,995,28
344,1000,29
345,997,29
346,882,29
347,880,31
348,876,37
349,882,37
350,892,37
351,891,37
352,962,37
353,994,39
354,988,38
355,993,37
356,985,36
357,986,33
358,995,28
359,997,28
360,996,28
361,967,28
362,965,28
363,960,27
364,968,27
365,979,27
366,978,27
367,1000,27
368,1000,25
369,995,25
370,999,25
371,996,25
372,995,25
373,997,25
374,999,26
375,999,27
376,997,27
377,994,29
378,990,37
379,999,37
380,1000,37
381,998,37
382,1000,37
383,999,39
384,992,38
385,1000,38
386,999,37
387,998,35
388,998,29
389,1000,29
390,997,29
391,1000,29
392,991,29
393,986,27
394,996,27
395,1000,26
396,993,26
397,994,25
398,999,24
399,992,24
400,999,24
401,997,24
402,999,24
403,997,23
404,999,24
405,996,25
406,998,25
407,994,27
408,988,36
409,995,36
410,998,36
411,995,36
412,994,36
413,996,38
414,993,38
415,998,38
416,997,38
417,1000,36
418,991,28
419,994,28
420,997,28
421,997,28
422,995,28
423,991,27
424,1000,27
425,1000,27
426,996,27
427,982,26
428,984,26
429,978,26
430,991,26
431,983,26
432,986,26
433,995,25
434,991,27
435,995,29
436,996,29
437,989,31
438,988,39
439,996,39
440,999,39
441,995,39
442,973,39
443,983,42
444,978,41
445,992,39
446,985,39
447,984,37
448,965,32
449,970,32
450,976,32
451,990,32
452,984,32
453,977,30
454,997,30
455,997,30
456,993,30
457,970,30
458,976,29
459,972,29
460,985,29
461,980,28
462,983,28
463,984,28
464,986,30
465,989,31
466,989,31
467,985,33
468,985,41
469,999,41
470,998,41
471,995,41
472,963,41
473,966,44
474,957,44
475,977,44
476,971,44
477,970,42
478,967,35
479,977,35
480,989,35
481,988,35
482,986,34
483,979,31
484,989,31
485,994,31
486,990,31
487,959,31
488,972,31
489,969,31
490,993,31
491,990,31
492,997,31
493,998,31
494,999,31
495,999,32
496,998,32
497,993,34
498,990,44
499,995,44
500,995,44
501,989,44
502,949,44
503,987,47
504,985,47
505,999,47
506,995,47
507,1000,45
508,997,38
509,1000,38
510,999,38
511,997,38
512,993,38
513,988,37
514,996,37
515,992,37
516,988,37
517,988,37
518,1000,36
519,995,36
520,998,36
521,995,36
522,998,36
523,997,35
524,999,37
525,1000,38
526,999,38
527,994,40
528,991,51
529,994,51
530,999,51
531,996,51
532,997,51
533,999,54
534,996,52
535,999,52
536,995,52
537,998,50
538,997,42
539,1000,42
540,1000,42
541,998,42
542,992,42
543,987,40
544,987,40
545,996,39
546,988,39
547,999,39
548,996,38
549,992,38
550,998,38
551,996,38
552,995,38
553,998,38
554,998,41
555,996,42
556,999,42
557,996,44
558,988,55
559,997,55
560,996,55
561,994,55
562,999,55
563,999,59
564,995,57
565,999,55
566,992,55
567,997,54
568,997,47
569,994,47
570,990,47
571,994,47
572,990,47
573,984,42
574,991,41
575,999,41
576,995,41
577,993,40
578,991,39
579,988,39
580,985,39
581,981,39
582,987,39
583,989,38
584,996,43
585,988,46
586,990,46
587,983,48
588,973,59
589,983,59
590,999,59
591,996,59
592,997,59
593,979,63
594,974,60
595,980,58
596,978,58
597,982,55
598,982,46
599,982,46
600,980,46
601,980,46
602,976,46
603,974,42
604,976,42
605,993,41
606,990,40
607,991,39
608,977,37
609,970,37
610,981,37
611,979,37
612,988,37
613,982,37
614,981,41
615,979,43
616,977,43
617,975,45
618,972,55
619,987,55
620,990,55
621,976,54
622,992,54
623,971,58
624,960,54
625,959,51
626,953,50
627,955,48
628,959,45
629,972,45
630,985,45
631,992,45
632,988,45
633,985,41
634,996,40
635,994,40
636,989,40
637,989,40
638,963,36
639,960,35
640,977,35
641,973,34
642,974,34
643,994,34
644,1000,38
645,1000,40
646,999,40
647,997,41
648,994,52
649,1000,52
650,996,52
651,992,52
652,990,52
653,962,56
654,957,53
655,989,51
656,985,51
657,993,50
658,999,43
659,1000,43
660,1000,43
661,999,43
662,994,43
663,989,41
664,1000,41
665,996,41
666,992,41
667,988,41
668,993,40
669,989,40
670,1000,40
671,994,40
672,999,40
673,1000,40
674,999,45
675,999,47
676,999,46
677,994,46
678,992,57
679,999,57
680,997,57
681,991,57
682,998,57
683,1000,60
684,991,58
685,1000,56
686,993,56
687,999,56
688,1000,47
689,998,46
690,998,46
691,1000,46
692,996,46
693,992,45
694,993,42
695,995,42
696,985,42
697,984,41
698,999,40
699,997,40
700,999,40
701,997,40
702,999,40
703,997,39
704,997,46
705,997,47
706,999,47
707,992,48
708,989,62
709,989,62
710,991,62
711,982,62
712,991,62
713,998,64
714,995,59
715,998,58
716,988,58
717,997,57
718,996,47
719,998,47
720,995,47
721,995,47
722,984,47
723,975,47
724,987,47
725,988,47
726,974,47
727,983,47
728,988,46
729,980,46
730,993,46
731,985,46
732,991,46
733,989,44
734,993,51
735,986,52
736,987,52
737,976,53
738,959,70
739,967,70
740,974,70
741,963,70
742,981,69
743,979,72
744,967,67
745,983,67
746,968,67
747,968,66
748,982,59
749,980,59
750,982,59
751,984,59
752,973,59
753,964,56
754,967,56
755,962,55
756,946,55
757,951,55
758,958,53
759,946,53
760,958,53
761,945,53
762,941,53
763,940,53
764,935,60
765,921,61
766,919,61
767,898,62
768,880,78
769,888,78
770,886,78
771,875,78
772,891,78
773,894,81
774,876,75
775,882,75
776,870,75
777,880,75
778,878,67
779,871,67
780,861,67
781,866,67
782,851,67
783,836,66
784,864,64
785,880,64
786,869,64
787,895,63
788,898,59
789,885,59
790,883,59
791,875,59
792,883,59
793,891,57
794,889,65
795,882,65
796,881,65
797,864,66
798,847,82
799,862,82
800,871,82
801,856,82
802,863,82
803,866,84
804,844,79
805,848,77
806,832,77
807,846,76
808,851,65
809,848,65
810,851,65
811,858,65
812,841,65
813,816,62
814,835,62
815,840,62
816,825,62
817,830,62
818,830,60
819,818,60
820,833,60
821,821,59
822,829,59
823,833,59
824,819,69
825,807,70
826,804,69
827,790,70
828,771,87
829,772,87
830,777,87
831,764,87
832,762,87
833,757,91
834,731,90
835,729,89
836,711,88
837,720,88
838,708,75
839,694,75
840,689,75
841,677,74
842,664,73
843,647,71
844,660,70
845,659,70
846,644,70
847,645,69
848,640,67
849,628,67
850,634,67
851,626,67
852,636,67
853,629,65
854,620,77
855,608,77
856,607,77
857,598,78
858,584,100
859,594,100
860,601,100
861,587,100
862,594,100
863,590,102
864,578,96
865,579,96
866,569,96
867,577,96
868,570,82
869,563,82
870,553,82
871,548,82
872,536,82
873,528,80
874,541,80
875,544,80
876,534,80
877,530,80
878,518,75
879,505,75
880,502,75
881,490,75
882,519,75
883,509,75
884,503,86
885,499,86
886,497,86
887,489,86
888,480,113
889,493,113
890,484,113
891,475,113
892,473,113
893,463,115
894,456,107
895,451,107
896,439,107
897,459,107
898,459,86
899,454,86
900,448,86
901,444,86
902,437,86
903,425,84
904,433,82
905,428,82
906,424,82
907,424,81
908,419,79
909,408,79
910,405,79
911,395,79
912,435,78
913,434,78
914,431,93
915,431,93
916,426,93
917,424,93
918,418,122
919,432,122
920,432,122
921,431,122
922,429,122
923,422,124
924,414,111
925,422,110
926,418,110
927,446,109
928,447,83
929,443,83
930,445,83
931,445,83
932,441,83
933,435,81
934,447,79
935,450,79
936,441,79
937,441,79
938,437,75
939,430,75
940,432,75
941,427,75
942,471,74
943,475,74
944,471,90
945,471,90
946,473,90
947,467,91
948,456,117
949,472,117
950,466,117
951,456,117
952,469,116
953,466,119
954,457,103
955,457,102
956,451,102
957,510,101
958,511,75
959,508,75
960,503,75
961,501,75
962,488,75
963,478,71
964,487,69
965,488,69
966,483,69
967,487,69
968,475,67
969,466,66
970,463,66
971,457,66
972,496,66
973,496,66
974,498,85
975,493,85
976,491,85
977,479,86
978,470,112
979,474,112
980,473,112
981,473,112
982,473,112
983,470,115
984,467,102
985,460,102
986,455,102
987,503,102
988,505,79
989,501,78
990,496,78
991,500,78
992,492,78
993,483,76
994,483,73
995,485,73
996,476,73
997,480,73
998,474,73
999,466,73
1000,458,73
1001,447,72
1002,499,71
1003,492,71
1004,490,93
1005,479,93
1006,477,93
1007,464,94
1008,457,119
1009,454,119
1010,452,119
1011,443,118
1012,442,118
1013,433,120
1014,424,102
1015,416,102
1016,405,102
1017,459,101
1018,459,81
1019,453,81
1020,448,81
1021,445,81
1022,440,81
1023,435,80
1024,443,78
1025,440,78
1026,434,78
1027,432,78
1028,420,75
1029,411,75
1030,402,75
1031,397,75
1032,441,75
1033,442,75
1034,439,96
1035,430,96
1036,432,96
1037,417,97
1038,409,123
1039,409,123
1040,407,123
1041,396,123
1042,398,123
1043,390,125
1044,385,107
1045,381,107
1046,371,107
1047,428,106
1048,429,82
1049,422,82
1050,420,82
1051,415,82
1052,403,82
1053,396,81
1054,395,80
1055,393,80
1056,382,80
1057,384,80
1058,377,76
1059,368,76
1060,358,76
1061,351,76
1062,409,76
1063,409,76
1064,404,99
1065,393,99
1066,385,99
1067,375,99
1068,366,129
1069,356,129
1070,354,129
1071,350,129
1072,348,129
1073,336,131
1074,328,113
1075,317,113
1076,306,113
1077,338,113
1078,338,87
1079,332,87
1080,320,87
1081,312,86
1082,304,85
1083,292,84
1084,286,80
1085,275,80
1086,271,80
1087,268,78
1088,263,77
1089,255,77
1090,248,76
1091,244,75
1092,276,75
1093,273,74
1094,262,97
1095,258,96
1096,249,96
1097,245,97
1098,239,124
1099,232,124
1100,228,124
1101,219,123
1102,216,123
1103,208,125
1104,199,105
1105,195,105
1106,189,105
1107,210,105
1108,204,83
1109,198,82
1110,194,82
1111,197,82
1112,193,82
1113,190,80
1114,187,80
1115,188,80
1116,183,80
1117,185,79
1118,179,75
1119,177,75
1120,176,75
1121,173,73
1122,194,73
1123,192,73
1124,185,92
1125,180,92
1126,177,92
1127,174,93
1128,169,121
1129,168,121
1130,169,121
1131,165,120
1132,167,120
1133,162,123
1134,162,104
1135,159,104
1136,155,104
1137,168,104
1138,164,80
1139,160,80
1140,156,80
1141,160,80
1142,160,80
1143,151,76
1144,151,76
1145,147,75
1146,144,75
1147,141,75
1148,134,74
1149,131,74
1150,128,74
1151,120,74
1152,132,74
1153,130,72
1154,128,91
1155,127,91
1156,136,90
1157,132,91
1158,131,113
1159,133,113
1160,130,113
1161,125,113
1162,121,113
1163,119,118
1164,115,101
1165,110,101
1166,107,101
1167,120,101
1168,118,80
1169,113,80
1170,111,80
1171,111,79
1172,109,78
1173,107,73
1174,106,70
1175,107,70
1176,102,70
1177,103,70
1178,100,66
1179,98,66
1180,95,66
1181,93,65
1182,100,65
1183,98,65
1184,99,87
1185,98,87
1186,106,87
1187,106,87
1188,106,110
1189,105,110
1190,102,110
1191,101,110
1192,101,110
1193,97,115
1194,95,91
1195,95,90
1196,94,90
1197,103,88
1198,100,66
1199,97,66
1200,94,66
1201,99,66
1202,95,66
1203,92,61
1204,92,61
1205,89,60
1206,87,60
1207,86,60
1208,83,59
1209,83,59
1210,83,59
1211,81,59
1212,90,59
1213,91,59
1214,90,82
1215,89,82
1216,91,82
1217,89,83
1218,87,103
1219,85,103
1220,80,103
1221,76,103
1222,74,101
1223,72,106
1224,71,84
1225,70,84
1226,70,84
1227,77,84
1228,76,66
1229,74,65
1230,72,65
1231,80,65
1232,78,65
1233,77,63
1234,77,62
1235,77,62
1236,77,62
1237,76,61
1238,73,58
1239,71,57
1240,68,57
1241,66,57
1242,72,57
1243,70,53
1244,69,72
1245,68,72
1246,73,72
1247,71,74
1248,69,92
1249,69,92
1250,68,92
1251,66,92
1252,62,91
1253,61,96
1254,57,77
1255,57,77
1256,53,76
1257,56,74
1258,57,54
1259,56,54
1260,56,54
1261,54,53
1262,54,53
1263,53,50
1264,53,47
1265,52,47
1266,51,47
1267,51,47
1268,50,46
1269,49,46
1270,49,46
1271,46,46
1272,51,46
1273,52,45
1274,50,62
1275,49,62
1276,48,62
1277,48,64
1278,47,82
1279,46,81
1280,46,81
1281,46,81
1282,46,81
1283,46,85
1284,45,69
1285,45,69
1286,44,69
1287,50,67
1288,48,50
1289,46,50
1290,45,49
1291,47,49
1292,47,49
1293,46,45
1294,46,44
1295,46,44
1296,46,44
1297,46,43
1298,46,43
1299,46,43
1300,45,43
1301,45,43
1302,50,43
1303,51,42
1304,51,59
1305,49,59
1306,51,59
1307,50,60
1308,50,75
1309,49,75
1310,48,75
1311,48,75
1312,48,75
1313,47,78
1314,47,62
1315,47,60
1316,47,60
1317,57,58
1318,56,44
1319,56,43
1320,55,43
1321,57,43
1322,56,42
1323,55,40
1324,53,40
1325,53,40
1326,51,40
1327,51,40
1328,51,38
1329,51,38
1330,51,38
1331,51,38
1332,64,38
1333,65,37
1334,66,52
1335,65,52
1336,67,52
1337,67,53
1338,66,66
1339,62,66
1340,60,66
1341,60,66
1342,60,66
1343,60,69
1344,60,53
1345,60,53
1346,60,53
1347,68,52
1348,66,39
1349,63,39
1350,63,39
1351,65,39
1352,64,39
1353,61,36
1354,60,36
1355,59,36
1356,56,36
1357,56,36
1358,56,36
1359,55,36
1360,55,36
1361,55,36
1362,64,36
1363,64,36
1364,65,51
1365,65,51
1366,67,51
1367,66,53
1368,64,66
1369,64,66
1370,64,66
1371,64,65
1372,64,65
1373,62,68
1374,61,53
1375,59,53
1376,59,53
1377,67,52
1378,68,39
1379,70,39
1380,70,38
1381,76,38
1382,75,37
1383,73,34
1384,72,34
1385,70,34
1386,70,34
1387,70,34
1388,70,34
1389,70,34
1390,69,34
1391,68,34
1392,84,34
1393,86,34
1394,87,47
1395,86,47
1396,90,47
1397,90,46
1398,90,59
1399,89,59
1400,89,59
1401,87,59
1402,86,59
1403,84,61
1404,83,50
1405,83,50
1406,82,50
1407,92,49
1408,93,37
1409,95,37
1410,93,37
1411,98,37
1412,96,37
1413,93,35
1414,92,34
1415,92,33
1416,92,33
1417,91,32
1418,91,31
1419,90,31
1420,89,31
1421,89,31
1422,96,31
1423,98,30
1424,100,41
1425,99,41
1426,104,41
1427,103,42
1428,103,54
1429,101,54
1430,100,54
1431,98,54
1432,96,54
1433,95,56
1434,92,47
1435,91,47
1436,91,47
1437,101,46
1438,103,35
1439,105,35
1440,102,35
1441,108,35
1442,108,35
1443,106,34
1444,106,33
1445,105,33
1446,104,33
1447,104,33
1448,104,32
1449,104,32
1450,102,32
1451,102,32
1452,123,32
1453,123,31
1454,125,42
1455,124,42
1456,133,42
1457,132,44
1458,129,56
1459,128,56
1460,127,56
1461,127,56
1462,127,56
1463,127,58
1464,126,46
1465,126,46
1466,126,46
1467,146,46
1468,148,35
1469,148,35
1470,147,35
1471,154,35
1472,152,35
1473,149,33
1474,149,33
1475,147,33
1476,146,33
1477,143,33
1478,143,33
1479,141,33
1480,140,33
1481,140,33
1482,156,33
1483,160,33
1484,163,45
1485,163,45
1486,172,45
1487,172,47
1488,169,59
1489,167,59
1490,166,59
1491,165,59
1492,164,59
1493,163,61
1494,163,49
1495,160,49
1496,160,49
1497,183,48
1498,189,39
1499,191,39
1500,191,39
1501,199,39
1502,193,39
1503,190,37
1504,190,37
1505,190,37
1506,190,37
1507,189,36
1508,188,35
1509,187,35
1510,186,35
1511,184,35
1512,204,35
1513,205,35
1514,208,47
1515,206,47
1516,222,47
1517,221,49
1518,220,59
1519,219,59
1520,218,59
1521,216,59
1522,214,59
1523,213,61
1524,211,52
1525,210,52
1526,208,52
1527,226,50
1528,232,38
1529,234,38
1530,232,38
1531,247,38
1532,245,38
1533,244,37
1534,242,34
1535,242,34
1536,240,34
1537,240,34
1538,239,34
1539,239,34
1540,237,34
1541,234,34
1542,260,34
1543,268,34
1544,274,47
1545,272,47
1546,286,47
1547,285,49
1548,284,61
1549,281,61
1550,281,61
1551,280,61
1552,278,61
1553,273,62
1554,272,51
1555,271,51
1556,271,51
1557,305,49
1558,316,39
1559,323,39
1560,321,39
1561,340,39
1562,339,39
1563,336,37
1564,335,35
1565,332,35
1566,326,35
1567,323,35
1568,322,33
1569,315,33
1570,312,33
1571,311,33
1572,339,33
1573,345,33
1574,348,46
1575,346,46
1576,368,46
1577,365,50
1578,356,62
1579,352,62
1580,345,62
1581,338,62
1582,333,62
1583,328,63
1584,323,55
1585,317,55
1586,312,55
1587,344,53
1588,359,46
1589,361,46
1590,351,46
1591,372,46
1592,370,46
1593,365,45
1594,362,43
1595,357,43
1596,347,43
1597,343,43
1598,341,42
1599,339,42
1600,335,42
1601,329,42
1602,364,42
1603,374,42
1604,375,55
1605,374,55
1606,386,55
1607,381,58
1608,376,70
1609,368,70
1610,365,70
1611,358,70
1612,349,70
1613,340,71
1614,336,59
1615,327,59
1616,321,59
1617,353,58
1618,357,50
1619,353,50
1620,347,50
1621,352,50
1622,342,50
1623,329,49
1624,324,48
1625,323,48
1626,321,48
1627,315,48
1628,304,48
1629,299,48
1630,291,48
1631,285,48
1632,313,48
1633,320,48
1634,317,61
1635,313,61
1636,327,61
1637,320,63
1638,313,73
1639,309,73
1640,297,73
1641,288,73
1642,280,73
1643,272,73
1644,263,67
1645,258,67
1646,250,67
1647,283,65
1648,285,57
1649,284,57
1650,271,57
1651,279,57
1652,275,57
1653,269,57
1654,260,56
1655,253,56
1656,251,56
1657,245,56
1658,242,55
1659,234,55
1660,230,55
1661,226,55
1662,244,55
1663,245,54
1664,245,66
1665,239,66
1666,255,66
1667,247,66
1668,241,79
1669,238,79
1670,234,79
1671,228,79
1672,222,79
1673,217,80
1674,214,70
1675,208,70
1676,208,70
1677,243,70
1678,242,62
1679,238,62
1680,233,62
1681,237,62
1682,233,62
1683,233,61
1684,233,58
1685,230,58
1686,227,58
1687,222,58
1688,218,55
1689,216,55
1690,212,55
1691,209,55
1692,246,55
1693,251,55
1694,252,68
1695,249,68
1696,264,68
1697,259,70
1698,253,83
1699,249,83
1700,246,83
1701,240,83
1702,238,83
1703,235,84
1704,229,74
1705,225,73
1706,223,73
1707,248,71
1708,250,61
1709,247,60
1710,243,60
1711,255,60
1712,252,60
1713,249,59
1714,246,56
1715,243,56
1716,241,56
1717,238,56
1718,231,51
1719,228,51
1720,226,51
1721,223,51
1722,254,51
1723,250,50
1724,239,65
1725,236,65
1726,244,65
1727,241,66
1728,237,79
1729,232,79
1730,229,79
1731,226,78
1732,223,78
1733,221,78
1734,219,68
1735,216,68
1736,212,68
1737,246,67
1738,253,55
1739,248,55
1740,245,55
1741,257,55
1742,254,55
1743,251,54
1744,249,50
1745,245,50
1746,243,50
1747,240,50
1748,238,48
1749,235,48
1750,231,48
1751,231,48
1752,266,48
1753,270,48
1754,269,65
1755,264,65
1756,278,64
1757,275,66
1758,269,79
1759,266,79
1760,259,79
1761,255,79
1762,254,79
1763,247,78
1764,240,67
1765,240,67
1766,235,67
1767,259,64
1768,263,51
1769,257,51
1770,255,51
1771,273,51
1772,271,51
1773,264,50
1774,264,46
1775,263,46
1776,261,46
1777,256,45
1778,251,44
1779,247,44
1780,245,44
1781,240,44
1782,272,44
1783,273,44
1784,270,59
1785,266,59
1786,284,59
1787,278,61
1788,272,74
1789,268,74
1790,265,74
1791,260,74
1792,251,74
1793,248,74
1794,241,64
1795,237,64
1796,233,64
1797,259,62
1798,264,53
1799,262,53
1800,261,52
1801,273,52
1802,269,52
1803,264,52
1804,261,48
1805,259,47
1806,257,47
1807,256,47
1808,252,45
1809,245,45
1810,240,45
1811,234,45
1812,261,44
1813,265,44
1814,260,57
1815,255,57
1816,272,57
1817,266,58
1818,261,70
1819,259,70
1820,250,70
1821,245,70
1822,241,70
1823,237,71
1824,233,62
1825,233,62
1826,229,62
1827,255,60
1828,259,50
1829,259,50
1830,256,50
1831,278,50
1832,273,49
1833,270,48
1834,267,46
1835,264,46
1836,261,46
1837,255,46
1838,253,45
1839,251,45
1840,251,45
1841,250,45
1842,278,45
1843,282,44
1844,280,55
1845,279,55
1846,308,55
1847,305,57
1848,303,68
1849,301,68
1850,299,68
1851,296,68
1852,292,68
1853,289,68
1854,283,59
1855,277,57
1856,276,57
1857,303,56
1858,304,48
1859,299,48
1860,297,48
1861,320,48
1862,317,48
1863,314,48
1864,311,47
1865,303,47
1866,295,47
1867,291,46
1868,289,43
1869,285,43
1870,282,43
1871,280,43
1872,305,43
1873,312,43
1874,309,56
1875,303,56
1876,326,56
1877,319,58
1878,308,67
1879,300,67
1880,293,67
1881,285,67
1882,282,67
1883,270,67
1884,269,62
1885,264,62
1886,261,62
1887,293,61
1888,297,57
1889,290,57
1890,284,57
1891,314,57
1892,306,56
1893,303,56
1894,297,52
1895,296,52
1896,291,51
1897,288,51
1898,284,48
1899,279,48
1900,275,48
1901,269,48
1902,293,48
1903,292,47
1904,292,62
1905,285,62
1906,305,62
1907,303,61
1908,296,68
1909,295,68
1910,290,68
1911,283,68
1912,277,68
1913,272,68
1914,268,55
1915,266,55
1916,262,55
1917,285,55
1918,288,48
1919,287,48
1920,284,48
1921,307,48
1922,304,48
1923,300,48
1924,297,44
1925,291,44
1926,288,44
1927,284,44
1928,281,42
1929,280,42
1930,277,42
1931,275,42
1932,315,42
1933,316,42
1934,315,59
1935,309,59
1936,338,59
1937,336,59
1938,332,69
1939,329,69
1940,323,69
1941,316,69
1942,311,68
1943,306,68
1944,300,58
1945,298,58
1946,295,57
1947,322,57
1948,327,49
1949,325,49
1950,321,48
1951,355,48
1952,354,48
1953,353,48
1954,348,45
1955,345,45
1956,338,45
1957,333,45
1958,328,44
1959,325,44
1960,320,44
1961,311,44
1962,342,44
1963,346,44
1964,345,60
1965,342,60
1966,380,60
1967,375,60
1968,368,68
1969,365,68
1970,362,68
1971,358,68
1972,353,68
1973,347,68
1974,341,53
1975,339,52
1976,337,52
1977,381,52
1978,388,46
1979,383,46
1980,379,46
1981,408,46
1982,398,46
1983,391,46
1984,384,42
1985,381,42
1986,377,42
1987,374,42
1988,366,42
1989,363,42
1990,355,42
1991,348,42
1992,388,42
1993,390,42
1994,387,63
1995,381,63
1996,408,63
1997,402,62
1998,397,70
1999,389,69
2000,386,69
2001,380,69
2002,375,69
2003,366,69
2004,361,54
2005,356,54
2006,353,54
2007,394,54
2008,398,49
2009,396,49
2010,393,49
2011,412,49
2012,412,49
2013,408,49
2014,406,45
2015,403,45
2016,400,45
2017,398,45
2018,387,42
2019,384,42
2020,378,42
2021,374,41
2022,426,40
2023,426,40
2024,423,56
2025,416,56
2026,457,55
2027,447,55
2028,440,62
2029,431,62
2030,418,62
2031,410,62
2032,405,62
2033,401,62
2034,393,56
2035,386,56
2036,378,56
2037,420,56
2038,424,52
2039,414,51
2040,411,51
2041,443,51
2042,435,51
2043,421,51
2044,414,50
2045,404,50
2046,398,50
2047,391,50
2048,385,50
2049,383,50
2050,381,50
2051,376,50
2052,419,50
2053,422,50
2054,419,67
2055,415,67
2056,449,67
2057,440,67
2058,431,75
2059,420,75
2060,410,75
2061,398,75
2062,391,75
2063,382,75
2064,376,65
2065,372,65
2066,360,64
2067,402,63
2068,404,60
2069,397,60
2070,391,60
2071,426,60
2072,419,60
2073,411,58
2074,403,53
2075,395,53
2076,390,53
2077,386,53
2078,382,50
2079,379,50
2080,370,50
2081,364,49
2082,414,49
2083,411,49
2084,406,65
2085,395,65
2086,421,64
2087,416,64
2088,408,70
2089,396,70
2090,388,70
2091,378,70
2092,372,70
2093,364,70
2094,360,61
2095,356,61
2096,351,61
2097,398,61
2098,398,56
2099,396,56
2100,391,56
2101,423,56
2102,416,56
2103,410,56
2104,404,51
2105,396,51
2106,392,51
2107,387,51
2108,384,50
2109,381,50
2110,379,50
2111,371,50
2112,420,50
2113,415,50
2114,404,67
2115,397,67
2116,412,67
2117,407,67
2118,405,71
2119,398,71
2120,387,71
2121,381,71
2122,376,71
2123,371,71
2124,360,61
2125,356,61
2126,353,61
2127,400,61
2128,398,56
2129,388,56
2130,382,56
2131,407,56
2132,404,56
2133,398,56
2134,391,54
2135,382,54
2136,377,54
2137,371,54
2138,366,54
2139,360,54
2140,359,54
2141,352,54
2142,400,54
2143,401,54
2144,399,73
2145,398,72
2146,426,72
2147,422,72
2148,419,78
2149,411,78
2150,403,77
2151,396,77
2152,394,77
2153,389,77
2154,384,61
2155,378,61
2156,377,61
2157,438,61
2158,441,56
2159,437,56
2160,431,55
2161,454,54
2162,450,54
2163,446,54
2164,441,50
2165,438,50
2166,437,50
2167,434,50
2168,427,47
2169,424,47
2170,417,47
2171,413,47
2172,479,47
2173,477,47
2174,473,67
2175,469,67
2176,495,67
2177,494,67
2178,486,77
2179,482,77
2180,476,77
2181,472,77
2182,465,77
2183,460,76
2184,455,63
2185,451,63
2186,446,62
2187,515,62
2188,515,54
2189,512,54
2190,510,54
2191,539,54
2192,535,54
2193,525,54
2194,518,48
2195,513,48
2196,510,48
2197,503,48
2198,498,48
2199,495,48
2200,493,48
2201,489,48
2202,563,48
2203,563,48
2204,558,69
2205,554,69
2206,588,69
2207,582,68
2208,576,76
2209,571,76
2210,563,76
2211,553,76
2212,545,74
2213,537,74
2214,528,60
2215,517,60
2216,513,60
2217,593,60
2218,589,52
2219,583,52
2220,574,52
2221,607,52
2222,603,52
2223,595,52
2224,589,48
2225,582,48
2226,579,47
2227,575,47
2228,573,46
2229,565,46
2230,560,46
2231,555,46
2232,641,45
2233,644,44
2234,633,62
2235,627,62
2236,658,62
2237,649,62
2238,644,70
2239,636,70
2240,630,69
2241,620,69
2242,611,69
2243,606,69
2244,599,54
2245,592,54
2246,580,54
2247,667,54
2248,675,50
2249,666,50
2250,657,50
2251,700,50
2252,691,50
2253,682,50
2254,671,48
2255,660,48
2256,644,48
2257,635,48
2258,624,48
2259,615,47
2260,607,47
2261,596,46
2262,677,46
2263,677,46
2264,666,67
2265,652,67
2266,696,67
2267,689,67
2268,680,70
2269,666,70
2270,653,70
2271,641,70
2272,631,70
2273,623,70
2274,613,61
2275,608,61
2276,599,61
2277,676,61
2278,674,54
2279,669,54
2280,661,54
2281,717,54
2282,711,54
2283,700,54
2284,691,51
2285,682,51
2286,676,51
2287,669,51
2288,661,50
2289,654,50
2290,648,50
2291,640,50
2292,731,50
2293,734,50
2294,722,74
2295,717,74
2296,766,74
2297,755,74
2298,742,80
2299,730,80
2300,709,80
2301,693,80
2302,678,80
2303,668,80
2304,657,64
2305,644,64
2306,633,64
2307,717,63
2308,717,58
2309,699,58
2310,692,58
2311,730,58
2312,722,58
2313,713,58
2314,705,56
2315,695,56
2316,682,56
2317,671,56
2318,659,56
2319,648,56
2320,640,56
2321,632,56
2322,697,56
2323,689,55
2324,674,79
2325,660,79
2326,702,79
2327,691,79
2328,666,84
2329,651,84
2330,639,84
2331,629,84
2332,621,83
2333,609,83
2334,587,68
2335,577,68
2336,571,68
2337,651,68
2338,649,65
2339,634,65
2340,628,64
2341,685,64
2342,671,64
2343,657,64
2344,647,58
2345,638,58
2346,625,58
2347,610,58
2348,602,57
2349,596,56
2350,589,56
2351,581,56
2352,649,55
2353,648,55
2354,641,77
2355,623,77
2356,683,77
2357,672,77
2358,661,79
2359,641,79
2360,632,79
2361,618,79
2362,612,79
2363,608,79
2364,593,66
2365,581,66
2366,573,66
2367,626,66
2368,624,65
2369,612,65
2370,600,65
2371,644,65
2372,640,65
2373,630,65
2374,620,62
2375,609,62
2376,600,62
2377,591,62
2378,585,61
2379,578,61
2380,565,61
2381,558,61
2382,626,61
2383,624,61
2384,617,91
2385,605,91
2386,670,91
2387,661,91
2388,652,93
2389,637,93
2390,630,93
2391,621,93
2392,612,93
2393,603,92
2394,592,76
2395,583,76
2396,575,76
2397,639,76
2398,634,75
2399,622,75
2400,611,75
2401,683,75
2402,677,75
2403,665,75
2404,654,68
2405,649,68
2406,642,68
2407,630,68
2408,628,67
2409,618,66
2410,610,66
2411,606,66
2412,645,66
2413,643,66
2414,637,92
2415,636,92
2416,716,92
2417,709,92
2418,701,94
2419,696,94
2420,687,94
2421,678,93
2422,672,93
2423,655,93
2424,642,70
2425,636,70
2426,632,70
2427,688,70
2428,678,68
2429,667,68
2430,655,67
2431,735,67
2432,724,67
2433,702,67
2434,694,65
2435,680,65
2436,669,65
2437,664,65
2438,651,65
2439,646,65
2440,638,65
2441,630,65
2442,679,65
2443,676,65
2444,670,101
2445,661,101
2446,745,101
2447,740,101
2448,725,104
2449,717,104
2450,707,104
2451,703,104
2452,689,104
2453,686,104
2454,674,79
2455,670,79
2456,664,79
2457,713,79
2458,715,76
2459,711,76
2460,703,76
2461,798,76
2462,788,76
2463,783,76
2464,779,68
2465,775,68
2466,771,68
2467,763,68
2468,757,68
2469,746,68
2470,732,68
2471,720,68
2472,761,68
2473,763,67
2474,751,108
2475,739,108
2476,852,107
2477,843,107
2478,827,110
2479,812,110
2480,802,110
2481,783,110
2482,769,110
2483,757,110
2484,747,81
2485,739,81
2486,726,81
2487,775,81
2488,770,79
2489,761,78
2490,754,78
2491,874,78
2492,869,77
2493,854,77
2494,846,73
2495,838,73
2496,821,73
2497,811,73
2498,791,73
2499,784,73
2500,772,73
2501,763,73
2502,794,73
2503,794,73
2504,788,112
2505,768,112
2506,869,112
2507,861,112
2508,844,116
2509,833,116
2510,823,116
2511,809,116
2512,795,116
2513,788,116
2514,778,85
2515,766,85
2516,757,85
2517,772,85
2518,773,81
2519,768,80
2520,750,80
2521,892,80
2522,890,80
2523,879,80
2524,873,76
2525,860,76
2526,848,76
2527,837,76
2528,831,75
2529,823,75
2530,812,75
2531,805,75
2532,823,74
2533,813,74
2534,808,116
2535,796,116
2536,923,116
2537,929,116
2538,912,120
2539,894,120
2540,881,119
2541,870,119
2542,858,119
2543,840,118
2544,827,86
2545,810,86
2546,798,85
2547,826,85
2548,815,82
2549,805,82
2550,798,82
2551,941,82
2552,938,81
2553,927,80
2554,914,72
2555,898,72
2556,887,72
2557,883,72
2558,875,71
2559,865,71
2560,854,70
2561,839,70
2562,863,70
2563,855,70
2564,849,111
2565,842,111
2566,973,110
2567,975,110
2568,965,112
2569,948,111
2570,939,110
2571,921,110
2572,911,110
2573,899,110
2574,885,71
2575,873,71
2576,864,71
2577,891,71
2578,885,68
2579,868,68
2580,853,68
2581,967,68
2582,967,68
2583,949,68
2584,927,66
2585,916,66
2586,902,66
2587,889,66
2588,879,66
2589,866,65
2590,851,65
2591,835,65
2592,858,65
2593,848,65
2594,839,104
2595,825,104
2596,947,103
2597,945,103
2598,937,105
2599,923,105
2600,903,105
2601,888,105
2602,869,105
2603,852,105
2604,840,73
2605,833,73
2606,817,73
2607,842,73
2608,824,70
2609,808,70
2610,796,70
2611,907,70
2612,909,70
2613,900,70
2614,891,69
2615,873,69
2616,860,69
2617,852,68
2618,841,67
2619,824,66
2620,815,66
2621,801,66
2622,832,65
2623,825,65
2624,817,100
2625,799,100
2626,904,100
2627,916,99
2628,907,101
2629,893,101
2630,882,101
2631,865,101
2632,847,101
2633,832,101
2634,807,76
2635,792,76
2636,778,76
2637,797,76
2638,779,74
2639,766,74
2640,749,73
2641,845,73
2642,844,73
2643,835,73
2644,816,68
2645,803,68
2646,786,68
2647,765,68
2648,755,68
2649,734,68
2650,720,68
2651,703,68
2652,725,68
2653,703,68
2654,680,113
2655,656,113
2656,749,113
2657,743,113
2658,717,115
2659,689,115
2660,664,115
2661,643,115
2662,614,114
2663,589,114
2664,570,84
2665,549,84
2666,528,84
2667,536,84
2668,521,82
2669,507,82
2670,490,80
2671,545,80
2672,539,80
2673,519,80
2674,503,77
2675,489,77
2676,471,77
2677,458,77
2678,443,77
2679,430,77
2680,418,77
2681,404,77
2682,412,77
2683,391,77
2684,378,122
2685,368,122
2686,404,122
2687,398,122
2688,385,124
2689,370,124
2690,359,124
2691,349,124
2692,339,124
2693,335,124
2694,328,91
2695,318,91
2696,305,91
2697,303,91
2698,294,89
2699,281,89
2700,268,89
2701,295,89
2702,289,89
2703,282,89
2704,276,81
2705,275,81
2706,267,81
2707,257,81
2708,251,81
2709,239,81
2710,236,80
2711,230,79
2712,236,79
2713,230,78
2714,216,125
2715,208,125
2716,232,125
2717,225,125
2718,217,126
2719,211,125
2720,209,125
2721,199,125
2722,194,125
2723,181,125
2724,174,89
2725,165,89
2726,161,89
2727,159,89
2728,152,87
2729,151,87
2730,147,87
2731,159,87
2732,158,87
2733,157,87
2734,157,83
2735,155,83
2736,144,83
2737,140,83
2738,132,83
2739,127,82
2740,125,82
2741,119,82
2742,128,82
2743,127,82
2744,122,134
2745,119,134
2746,127,134
2747,122,134
2748,115,135
2749,109,135
2750,107,135
2751,102,135
2752,95,135
2753,93,134
2754,91,86
2755,91,86
2756,89,86
2757,98,86
2758,98,84
2759,93,84
2760,90,84
2761,101,84
2762,100,84
2763,97,84
2764,92,76
2765,91,76
2766,87,76
2767,84,76
2768,81,76
2769,76,76
2770,75,76
2771,74,76
2772,77,76
2773,76,76
2774,73,132
2775,68,132
2776,71,132
2777,70,132
2778,68,133
2779,66,133
2780,63,133
2781,61,133
2782,57,133
2783,54,133
2784,51,80
2785,50,80
2786,48,80
2787,51,79
2788,47,78
2789,45,78
2790,43,78
2791,47,78
2792,46,77
2793,45,76
2794,44,68
2795,43,68
2796,41,68
2797,40,68
2798,38,68
2799,37,68
2800,37,68
2801,37,68
2802,36,68
2803,35,68
2804,33,124
2805,31,124
2806,41,124
2807,41,124
2808,41,125
2809,40,125
2810,38,125
2811,38,125
2812,38,124
2813,37,124
2814,36,68
2815,35,68
2816,33,68
2817,35,68
2818,35,67
2819,35,67
2820,34,66
2821,37,64
2822,37,64
2823,36,63
2824,35,59
2825,35,59
2826,35,59
2827,34,59
2828,34,58
2829,33,58
2830,32,58
2831,30,58
2832,30,58
2833,30,58
2834,30,111
2835,30,111
2836,36,111
2837,30,111
2838,29,112
2839,27,112
2840,27,112
2841,27,111
2842,26,111
2843,25,110
2844,23,59
2845,22,59
2846,21,59
2847,21,59
2848,21,58
2849,21,58
2850,21,58
2851,26,58
2852,26,58
2853,24,58
2854,24,58
2855,24,58
2856,24,58
2857,22,58
2858,22,58
2859,22,58
2860,22,57
2861,22,56
2862,23,56
2863,23,56
2864,21,106
2865,21,106
2866,24,105
2867,24,105
2868,24,106
2869,24,106
2870,24,106
2871,24,106
2872,24,106
2873,24,104
2874,24,52
2875,24,52
2876,24,52
2877,26,52
2878,26,51
2879,26,50
2880,26,49
2881,32,49
2882,32,49
2883,32,49
2884,32,48
2885,32,48
2886,31,48
2887,29,48
2888,29,48
2889,29,48
2890,29,48
2891,29,48
2892,29,48
2893,28,48
2894,28,94
2895,27,94
2896,31,94
2897,30,94
2898,28,94
2899,28,94
2900,28,94
2901,28,94
2902,28,94
2903,28,94
2904,27,52
2905,27,52
2906,26,52
2907,27,52
2908,27,51
2909,27,51
2910,27,51
2911,31,51
2912,31,51
2913,31,51
2914,31,49
2915,31,49
2916,31,49
2917,31,49
2918,31,49
2919,31,49
2920,31,49
2921,31,49
2922,31,49
2923,31,49
2924,31,93
2925,31,93
2926,39,93
2927,39,93
2928,39,94
2929,39,94
2930,39,94
2931,38,94
2932,37,94
2933,37,94
2934,36,50
2935,36,50
2936,36,50
2937,37,50
2938,37,49
2939,36,49
2940,35,49
2941,41,49
2942,41,49
2943,41,49
2944,40,47
2945,40,47
2946,40,47
2947,40,47
2948,39,46
2949,38,46
2950,37,46
2951,37,46
2952,40,46
2953,39,46
2954,38,90
2955,38,89
2956,48,89
2957,48,89
2958,47,90
2959,47,90
2960,47,89
2961,46,89
2962,45,89
2963,45,89
2964,45,47
2965,45,47
2966,41,47
2967,41,47
2968,41,46
2969,41,46
2970,41,46
2971,47,46
2972,47,46
2973,47,46
2974,46,45
2975,46,45
2976,46,45
2977,46,45
2978,46,45
2979,46,45
2980,46,45
2981,46,45
2982,48,45
2983,48,45
2984,48,86
2985,48,86
2986,57,86
2987,56,86
2988,53,87
2989,51,87
2990,51,87
2991,51,87
2992,50,87
2993,49,87
2994,49,51
2995,49,51
2996,49,51
2997,48,51
2998,48,50
2999,47,49
3000,46,49
3001,54,49
3002,54,48
3003,53,48
3004,53,44
3005,51,44
3006,50,44
3007,48,44
3008,47,44
3009,46,44
3010,46,44
3011,44,44
3012,43,43
3013,42,43
3014,41,80
3015,40,79
3016,54,79
3017,52,79
3018,51,80
3019,51,80
3020,51,80
3021,51,80
3022,49,80
3023,48,80
3024,48,44
3025,47,43
3026,47,43
3027,48,43
3028,48,42
3029,48,42
3030,47,42
3031,60,42
3032,60,42
3033,60,42
3034,59,40
3035,59,40
3036,59,40
3037,59,40
3038,59,40
3039,59,40
3040,58,40
3041,58,40
3042,58,40
3043,57,40
3044,57,76
3045,57,76
3046,66,76
3047,66,76
3048,61,77
3049,61,77
3050,61,77
3051,61,76
3052,61,76
3053,60,76
3054,58,41
3055,57,41
3056,57,41
3057,58,41
3058,58,40
3059,57,40
3060,57,40
3061,68,40
3062,68,40
3063,68,40
3064,67,39
3065,67,39
3066,67,39
3067,67,39
3068,64,39
3069,63,39
3070,63,39
3071,63,39
3072,67,39
3073,66,38
3074,66,71
3075,66,71
3076,82,71
3077,82,71
3078,79,71
3079,79,71
3080,78,71
3081,78,71
3082,77,71
3083,77,71
3084,76,38
3085,76,38
3086,76,38
3087,78,38
3088,78,37
3089,77,36
3090,77,36
3091,97,36
3092,97,36
3093,97,36
3094,97,36
3095,94,35
3096,89,35
3097,89,35
3098,87,35
3099,87,34
3100,86,34
3101,85,34
3102,84,34
3103,83,34
3104,83,64
3105,82,64
3106,94,64
3107,93,64
3108,93,65
3109,91,65
3110,91,65
3111,89,65
3112,88,65
3113,87,65
3114,86,38
3115,85,38
3116,83,38
3117,87,38
3118,86,37
3119,84,37
3120,81,37
3121,93,37
3122,92,37
3123,91,37
3124,90,35
3125,89,35
3126,89,35
3127,89,35
3128,87,35
3129,87,34
3130,86,34
3131,83,34
3132,88,34
3133,87,34
3134,87,61
3135,85,61
3136,102,61
3137,101,61
3138,99,62
3139,98,62
3140,96,61
3141,95,61
3142,95,61
3143,93,61
3144,93,36
3145,93,36
3146,89,36
3147,97,36
3148,97,35
3149,97,34
3150,96,34
3151,115,34
3152,114,34
3153,110,34
3154,108,32
3155,108,32
3156,106,32
3157,104,32
3158,104,31
3159,103,31
3160,103,31
3161,99,31
3162,102,31
3163,101,31
3164,101,57
3165,101,57
3166,119,57
3167,118,57
3168,116,58
3169,113,58
3170,112,58
3171,110,58
3172,108,58
3173,105,58
3174,105,35
3175,104,35
3176,104,35
3177,113,35
3178,112,34
3179,112,34
3180,111,34
3181,129,34
3182,128,34
3183,128,34
3184,128,32
3185,128,32
3186,128,32
3187,127,32
3188,127,32
3189,126,32
3190,126,32
3191,125,32
3192,132,32
3193,132,32
3194,132,57
3195,132,57
3196,154,57
3197,153,57
3198,152,58
3199,151,58
3200,151,58
3201,150,58
3202,148,58
3203,145,57
3204,143,34
3205,142,34
3206,141,34
3207,152,34
3208,152,33
3209,151,33
3210,151,33
3211,171,33
3212,171,33
3213,170,32
3214,170,29
3215,170,29
3216,170,29
3217,169,29
3218,168,29
3219,167,29
3220,166,29
3221,165,29
3222,183,29
3223,183,29
3224,182,53
3225,182,53
3226,206,53
3227,206,52
3228,204,52
3229,204,52
3230,204,52
3231,200,52
3232,199,52
3233,197,52
3234,196,30
3235,196,30
3236,194,30
3237,209,30
3238,209,30
3239,206,30
3240,206,30
3241,235,30
3242,235,30
3243,235,30
3244,235,29
3245,234,29
3246,233,29
3247,232,29
3248,231,29
3249,229,29
3250,229,29
3251,227,29
3252,243,29
3253,243,29
3254,241,51
3255,241,51
3256,275,51
3257,274,51
3258,273,51
3259,273,51
3260,269,51
3261,269,51
3262,266,51
3263,264,51
3264,263,30
3265,260,30
3266,257,30
3267,281,30
3268,281,30
3269,280,30
3270,279,30
3271,319,30
3272,318,30
3273,316,29
3274,313,28
3275,311,28
3276,310,28
3277,307,28
3278,304,28
3279,300,28
3280,298,28
3281,297,28
3282,323,28
3283,322,28
3284,322,50
3285,321,50
3286,363,49
3287,362,49
3288,357,49
3289,353,49
3290,349,49
3291,345,49
3292,345,49
3293,343,48
3294,338,30
3295,337,30
3296,333,30
3297,362,30
3298,362,30
3299,361,30
3300,359,30
3301,416,30
3302,413,30
3303,411,30
3304,404,29
3305,403,29
3306,400,29
3307,394,29
3308,392,29
3309,387,29
3310,383,29
3311,381,29
3312,411,29
3313,409,29
3314,405,47
3315,401,47
3316,463,47
3317,462,47
3318,458,47
3319,451,47
3320,447,47
3321,442,47
3322,442,47
3323,442,47
3324,440,32
3325,435,32
3326,430,31
3327,470,31
3328,464,31
3329,464,31
3330,459,31
3331,533,31
3332,529,31
3333,527,31
3334,518,29
3335,513,29
3336,509,29
3337,505,29
3338,502,29
3339,499,29
3340,497,29
3341,492,29
3342,531,29
3343,526,29
3344,515,48
3345,510,48
3346,583,48
3347,579,48
3348,576,48
3349,569,48
3350,562,48
3351,549,48
3352,538,48
3353,534,48
3354,525,35
3355,518,35
3356,516,35
3357,572,35
3358,565,35
3359,553,35
3360,541,35
3361,599,35
3362,594,35
3363,587,35
3364,573,34
3365,564,34
3366,558,34
3367,553,34
3368,550,34
3369,546,34
3370,540,34
3371,535,34
3372,591,34
3373,586,34
3374,577,52
3375,570,52
3376,638,52
3377,632,52
3378,620,52
3379,617,52
3380,608,52
3381,605,52
3382,598,52
3383,593,52
3384,586,39
3385,579,39
3386,569,39
3387,626,39
3388,619,39
3389,608,39
3390,599,39
3391,672,38
3392,665,38
3393,659,38
3394,648,35
3395,638,35
3396,631,35
3397,625,35
3398,618,35
3399,608,35
3400,603,35
3401,595,35
3402,656,35
3403,653,35
3404,638,54
3405,624,54
3406,692,54
3407,689,54
3408,680,54
3409,671,54
3410,663,54
3411,647,54
3412,641,54
3413,631,54
3414,621,41
3415,608,41
3416,604,41
3417,663,41
3418,653,41
3419,649,41
3420,633,41
3421,706,41
3422,700,41
3423,690,41
3424,686,39
3425,677,39
3426,668,39
3427,661,39
3428,654,39
3429,641,39
3430,632,39
3431,624,39
3432,690,39
3433,685,39
3434,673,62
3435,661,62
3436,730,62
3437,717,62
3438,702,62
3439,692,62
3440,678,62
3441,661,62
3442,645,62
3443,635,62
3444,623,51
3445,611,51
3446,599,51
3447,673,51
3448,667,51
3449,660,51
3450,641,51
3451,701,51
3452,692,51
3453,681,51
3454,675,48
3455,666,48
3456,658,48
3457,651,48
3458,640,48
3459,631,48
3460,622,48
3461,610,48
3462,659,48
3463,650,48
3464,643,75
3465,630,75
3466,709,75
3467,696,75
3468,688,75
3469,678,75
3470,663,75
3471,655,75
3472,645,75
3473,627,75
3474,615,55
3475,602,55
3476,592,55
3477,640,55
3478,634,55
3479,620,55
3480,607,55
3481,668,55
3482,664,55
3483,653,54
3484,640,50
3485,634,50
3486,623,50
3487,610,50
3488,592,50
3489,581,50
3490,579,50
3491,569,50
3492,625,50
3493,619,49
3494,609,80
3495,598,80
3496,658,80
3497,644,80
3498,631,80
3499,620,80
3500,605,80
3501,593,80
3502,581,80
3503,570,80
3504,556,61
3505,547,61
3506,537,61
3507,576,61
3508,570,61
3509,561,61
3510,549,61
3511,646,61
3512,637,61
3513,622,61
3514,617,59
3515,604,59
3516,594,59
3517,587,59
3518,580,59
3519,567,59
3520,561,59
3521,558,59
3522,599,59
3523,589,59
3524,576,89
3525,566,89
3526,658,89
3527,649,89
3528,642,89
3529,620,88
3530,611,88
3531,599,88
3532,587,88
3533,579,87
3534,568,67
3535,560,67
3536,553,67
3537,582,67
3538,572,67
3539,565,67
3540,559,67
3541,648,67
3542,642,67
3543,634,67
3544,632,64
3545,623,64
3546,620,64
3547,617,64
3548,611,64
3549,604,64
3550,600,64
3551,594,64
3552,616,64
3553,611,64
3554,605,95
3555,600,95
3556,708,95
3557,703,94
3558,694,94
3559,685,94
3560,674,94
3561,659,94
3562,653,94
3563,643,94
3564,638,67
3565,633,67
3566,626,67
3567,648,67
3568,643,67
3569,637,67
3570,631,66
3571,747,66
3572,742,66
3573,735,66
3574,726,61
3575,715,61
3576,711,61
3577,701,61
3578,687,61
3579,678,61
3580,667,61
3581,658,61
3582,690,60
3583,685,60
3584,677,94
3585,668,94
3586,782,94
3587,776,94
3588,764,94
3589,750,94
3590,739,94
3591,728,94
3592,716,94
3593,705,94
3594,696,65
3595,687,65
3596,678,65
3597,708,65
3598,702,65
3599,687,65
3600,678,65
3601,818,65
3602,810,65
3603,788,65
3604,779,63
3605,769,63
3606,753,63
3607,741,63
3608,734,63
3609,723,62
3610,717,62
3611,708,62
3612,727,62
3613,718,62
3614,707,104
3615,694,104
3616,815,104
3617,805,104
3618,787,104
3619,773,104
3620,755,104
3621,746,104
3622,729,104
3623,717,102
3624,704,79
3625,696,79
3626,673,79
3627,693,79
3628,689,79
3629,675,78
3630,661,78
3631,787,78
3632,776,78
3633,769,77
3634,755,75
3635,743,75
3636,733,75
3637,721,75
3638,708,75
3639,698,75
3640,691,75
3641,681,75
3642,701,75
3643,693,75
3644,682,110
3645,673,110
3646,812,110
3647,802,110
3648,791,110
3649,775,110
3650,753,110
3651,739,110
3652,732,110
3653,718,109
3654,703,78
3655,694,78
3656,684,78
3657,695,78
3658,687,78
3659,671,78
3660,662,78
3661,785,78
3662,781,78
3663,761,78
3664,752,73
3665,737,73
3666,721,72
3667,711,72
3668,702,72
3669,691,72
3670,675,71
3671,654,71
3672,663,71
3673,653,71
3674,638,112
3675,619,112
3676,736,112
3677,725,112
3678,701,112
3679,679,111
3680,659,111
3681,636,111
3682,622,111
3683,608,110
3684,591,86
3685,573,86
3686,555,86
3687,560,86
3688,543,86
3689,531,86
3690,520,85
3691,647,85
3692,632,85
3693,609,85
3694,593,79
3695,580,79
3696,568,79
3697,561,79
3698,547,79
3699,531,79
3700,519,79
3701,509,79
3702,518,79
3703,507,79
3704,502,124
3705,496,124
3706,617,124
3707,608,124
3708,595,124
3709,575,124
3710,568,124
3711,560,124
3712,556,124
3713,549,124
3714,533,87
3715,521,87
3716,513,87
3717,514,87
3718,508,87
3719,495,87
3720,487,86
3721,577,86
3722,567,86
3723,550,86
3724,538,84
3725,524,84
3726,510,84
3727,503,84
3728,492,83
3729,485,83
3730,475,83
3731,460,83
3732,456,83
3733,442,83
3734,427,133
3735,415,133
3736,484,133
3737,480,133
3738,469,133
3739,454,133
3740,437,133
3741,427,133
3742,416,133
3743,410,132
3744,399,92
3745,390,92
3746,379,92
3747,382,92
3748,373,92
3749,368,92
3750,361,92
3751,439,92
3752,431,92
3753,422,92
3754,408,84
3755,401,84
3756,392,84
3757,386,84
3758,377,84
3759,372,84
3760,360,84
3761,355,84
3762,356,84
3763,353,84
3764,347,139
3765,338,139
3766,398,138
3767,394,138
3768,386,138
3769,378,138
3770,365,138
3771,354,137
3772,347,137
3773,337,135
3774,326,91
3775,322,91
3776,318,91
3777,320,91
3778,309,91
3779,303,91
3780,301,91
3781,359,91
3782,355,90
3783,348,90
3784,341,85
3785,335,85
3786,330,85
3787,318,85
3788,309,85
3789,294,85
3790,288,85
3791,284,85
3792,293,85
3793,285,85
3794,279,138
3795,269,138
3796,319,138
3797,312,137
3798,300,137
3799,292,137
3800,282,137
3801,276,136
3802,266,136
3803,251,136
3804,247,84
3805,239,84
3806,233,83
3807,240,83
3808,234,82
3809,230,82
3810,224,82
3811,255,82
3812,246,82
3813,236,82
3814,230,76
3815,224,76
3816,216,76
3817,207,76
3818,199,76
3819,195,76
3820,184,76
3821,174,76
3822,177,76
3823,172,75
3824,168,129
3825,158,129
3826,181,129
3827,175,129
3828,168,129
3829,161,129
3830,158,129
3831,153,129
3832,149,129
3833,147,129
3834,142,83
3835,138,83
3836,135,83
3837,137,83
3838,134,83
3839,133,83
3840,130,82
3841,152,82
3842,148,82
3843,144,82
3844,141,75
3845,130,74
3846,126,74
3847,124,74
3848,121,74
3849,117,74
3850,115,74
3851,113,73
3852,115,71
3853,114,70
3854,110,120
3855,109,120
3856,117,120
3857,113,120
3858,110,119
3859,106,119
3860,100,119
3861,97,119
3862,96,119
3863,91,119
3864,88,74
3865,84,74
3866,82,74
3867,85,74
3868,84,74
3869,83,74
3870,81,74
3871,96,74
3872,94,74
3873,92,74
3874,91,67
3875,91,67
3876,89,67
3877,87,67
3878,83,67
3879,79,67
3880,78,67
3881,76,67
3882,73,67
3883,72,67
3884,72,120
3885,71,120
3886,80,120
3887,79,119
3888,76,118
3889,76,118
3890,69,118
3891,68,118
3892,65,118
3893,65,118
3894,64,65
3895,64,65
3896,63,65
3897,63,65
3898,62,65
3899,62,65
3900,62,65
3901,78,64
3902,77,64
3903,72,64
3904,71,62
3905,71,62
3906,69,62
3907,69,62
3908,65,62
3909,64,62
3910,61,62
3911,61,62
3912,61,62
3913,60,62
3914,60,116
3915,59,116
3916,74,116
3917,71,116
3918,66,115
3919,66,115
3920,65,115
3921,62,115
3922,58,115
3923,58,114
3924,57,64
3925,55,64
3926,52,64
3927,53,64
3928,52,64
3929,51,64
3930,50,64
3931,60,64
3932,58,64
3933,56,64
3934,54,62
3935,50,62
3936,49,62
3937,48,62
3938,45,61
3939,42,61
3940,41,61
3941,41,61
3942,40,61
3943,38,61
3944,38,111
3945,38,111
3946,45,111
3947,42,111
3948,42,111
3949,40,111
3950,39,110
3951,38,110
3952,38,110
3953,38,110
3954,35,62
3955,34,62
3956,34,62
3957,35,62
3958,35,62
3959,35,62
3960,35,62
3961,41,62
3962,39,62
3963,38,62
3964,37,57
3965,37,57
3966,37,57
3967,36,57
3968,35,57
3969,35,56
3970,35,55
3971,35,55
3972,35,55
3973,35,55
3974,33,103
3975,33,103
3976,38,102
3977,37,102
3978,35,102
3979,31,101
3980,28,101
3981,27,101
3982,26,101
3983,25,100
3984,24,55
3985,24,55
3986,22,55
3987,22,55
3988,22,55
3989,21,54
3990,21,54
3991,25,54
3992,25,54
3993,25,54
3994,25,51
3995,23,51
3996,23,51
3997,23,51
3998,21,51
3999,21,51
4000,21,50
4001,21,50
4002,22,50
4003,22,50
4004,22,89
4005,22,89
4006,25,89
4007,25,89
4008,24,89
4009,23,89
4010,23,89
4011,23,89
4012,23,89
4013,22,89
4014,22,44
4015,22,44
4016,22,44
4017,22,44
4018,21,43
4019,21,43
4020,21,43
4021,26,43
4022,26,43
4023,26,43
4024,26,43
4025,26,43
4026,25,43
4027,24,43
4028,23,42
4029,23,42
4030,22,42
4031,22,41
4032,22,41
4033,22,41
4034,21,80
4035,21,80
4036,26,80
4037,26,80
4038,26,80
4039,25,80
4040,25,80
4041,24,79
4042,23,79
4043,22,78
4044,21,39
4045,21,39
4046,21,39
4047,22,39
4048,22,39
4049,22,39
4050,22,39
4051,25,39
4052,25,39
4053,24,39
4054,24,38
4055,24,37
4056,24,37
4057,22,37
4058,22,37
4059,22,37
4060,22,37
4061,22,37
4062,23,37
4063,23,37
4064,23,73
4065,23,73
4066,29,73
4067,27,73
4068,26,72
4069,26,72
4070,26,72
4071,26,72
4072,26,72
4073,25,72
4074,25,38
4075,25,38
4076,25,38
4077,26,38
4078,25,38
4079,25,38
4080,25,38
4081,33,38
4082,33,38
4083,33,38
4084,33,37
4085,31,37
4086,31,37
4087,31,37
4088,31,37
4089,31,37
4090,30,34
4091,30,34
4092,31,34
4093,29,34
4094,29,61
4095,27,61
4096,31,61
4097,30,60
4098,30,60
4099,30,60
4100,30,60
4101,30,60
4102,30,60
4103,29,60
4104,29,31
4105,29,31
4106,29,31
4107,29,31
4108,29,31
4109,28,31
4110,28,30
4111,30,30
4112,30,30
4113,30,30
4114,30,28
4115,30,28
4116,30,28
4117,30,28
4118,30,28
4119,30,28
4120,29,28
4121,29,28
4122,30,28
4123,30,28
4124,30,55
4125,30,55
4126,37,55
4127,37,55
4128,36,55
4129,36,54
4130,36,54
4131,36,54
4132,36,54
4133,36,54
4134,36,28
4135,36,27
4136,36,26
4137,36,26
4138,36,26
4139,36,26
4140,36,26
4141,48,26
4142,48,26
4143,48,26
4144,48,26
4145,48,26
4146,47,26
4147,47,26
4148,47,26
4149,47,26
4150,47,25
4151,47,25
4152,48,25
4153,48,25
4154,48,47
4155,48,47
4156,57,47
4157,57,47
4158,57,47
4159,56,47
4160,56,47
4161,55,46
4162,54,46
4163,54,46
4164,54,24
4165,54,24
4166,54,24
4167,55,24
4168,55,24
4169,54,24
4170,54,24
4171,66,24
4172,66,24
4173,65,24
4174,65,24
4175,65,24
4176,65,23
4177,65,23
4178,64,23
4179,64,22
4180,63,22
4181,60,22
4182,61,22
4183,61,22
4184,61,40
4185,60,40
4186,75,40
4187,75,40
4188,74,40
4189,74,40
4190,74,40
4191,73,40
4192,72,40
4193,70,40
4194,70,22
4195,69,22
4196,68,22
4197,69,22
4198,68,22
4199,67,21
4200,67,21
4201,88,21
4202,88,20
4203,88,20
4204,88,18
4205,88,18
4206,88,17
4207,88,17
4208,88,17
4209,87,17
4210,87,17
4211,86,17
4212,88,17
4213,87,17
4214,87,33
4215,87,33
4216,101,33
4217,101,33
4218,101,32
4219,101,32
4220,100,32
4221,100,32
4222,100,32
4223,100,32
4224,100,17
4225,100,17
4226,100,17
4227,100,17
4228,100,17
4229,100,17
4230,100,17
4231,121,17
4232,121,17
4233,121,17
4234,121,16
4235,121,16
4236,121,16
4237,121,16
4238,121,16
4239,121,16
4240,121,16
4241,121,16
4242,122,16
4243,122,16
4244,122,31
4245,122,31
4246,156,31
4247,156,31
4248,155,31
4249,155,31
4250,155,31
4251,155,31
4252,155,31
4253,155,31
4254,155,15
4255,155,15
4256,155,15
4257,159,15
4258,159,14
4259,159,14
4260,159,14
4261,200,14
4262,200,14
4263,200,14
4264,199,14
4265,198,14
4266,197,14
4267,197,14
4268,197,14
4269,196,14
4270,196,14
4271,196,14
4272,200,14
4273,199,14
4274,199,27
4275,198,27
4276,240,27
4277,239,27
4278,238,27
4279,236,27
4280,234,27
4281,233,27
4282,233,27
4283,233,27
4284,233,16
4285,231,16
4286,230,16
4287,232,16
4288,232,16
4289,232,16
4290,232,16
4291,293,16
4292,293,16
4293,293,16
4294,293,15
4295,292,15
4296,290,15
4297,289,15
4298,287,15
4299,286,15
4300,283,15
4301,283,15
4302,287,15
4303,286,15
4304,285,27
4305,285,27
4306,363,27
4307,363,27
4308,362,27
4309,361,27
4310,361,27
4311,360,27
4312,360,27
4313,360,27
4314,360,15
4315,360,15
4316,358,15
4317,359,15
4318,358,15
4319,355,15
4320,355,15
4321,443,15
4322,440,15
4323,439,15
4324,437,15
4325,436,15
4326,435,15
4327,434,15
4328,433,15
4329,433,15
4330,431,15
4331,431,15
4332,439,15
4333,439,15
4334,436,28
4335,436,28
4336,538,28
4337,537,28
4338,533,28
4339,530,28
4340,530,28
4341,528,28
4342,527,28
4343,526,28
4344,523,18
4345,521,18
4346,519,18
4347,527,18
4348,524,18
4349,520,18
4350,517,18
4351,631,18
4352,628,18
4353,627,18
4354,622,17
4355,617,16
4356,615,16
4357,610,16
4358,608,16
4359,608,16
4360,606,16
4361,603,16
4362,609,16
4363,604,16
4364,597,28
4365,593,28
4366,722,28
4367,721,28
4368,718,28
4369,718,28
4370,708,28
4371,703,28
4372,701,28
4373,694,28
4374,686,20
4375,681,20
4376,678,20
4377,682,20
4378,679,20
4379,674,20
4380,670,20
4381,835,20
4382,831,20
4383,831,20
4384,829,19
4385,820,19
4386,811,19
4387,802,19
4388,790,19
4389,781,19
4390,776,19
4391,767,19
4392,777,19
4393,772,19
4394,766,31
4395,762,31
4396,930,31
4397,927,31
4398,923,31
4399,912,31
4400,900,31
4401,892,31
4402,887,31
4403,875,31
4404,869,23
4405,862,23
4406,857,23
4407,875,23
4408,868,23
4409,862,23
4410,858,23
4411,996,23
4412,993,23
4413,982,23
4414,974,23
4415,969,23
4416,961,23
4417,952,23
4418,946,23
4419,941,23
4420,935,23
4421,933,22
4422,945,22
4423,938,22
4424,933,34
4425,922,34
4426,998,34
4427,991,34
4428,987,34
4429,984,34
4430,977,34
4431,971,34
4432,961,34
4433,952,34
4434,949,27
4435,944,27
4436,936,27
4437,957,27
4438,948,27
4439,941,27
4440,932,25
4441,991,25
4442,988,25
4443,984,24
4444,973,24
4445,970,24
4446,968,24
4447,960,24
4448,953,24
4449,949,24
4450,945,24
4451,935,24
4452,954,24
4453,944,24
4454,937,35
4455,932,35
4456,986,35
4457,985,35
4458,980,35
4459,972,35
4460,963,35
4461,957,35
4462,953,35
4463,944,35
4464,934,30
4465,932,30
4466,924,30
4467,953,30
4468,942,30
4469,935,29
4470,929,29
4471,969,29
4472,966,29
4473,958,28
4474,950,27
4475,941,27
4476,934,27
4477,929,27
4478,923,27
4479,911,27
4480,903,27
4481,894,27
4482,919,27
4483,914,27
4484,905,39
4485,897,39
4486,939,39
4487,936,39
4488,929,39
4489,920,39
4490,912,39
4491,900,39
4492,887,39
4493,877,39
4494,865,35
4495,857,35
4496,852,35
4497,889,35
4498,883,35
4499,874,35
4500,865,35
4501,920,35
4502,922,35
4503,913,35
4504,909,33
4505,901,33
4506,894,33
4507,886,33
4508,877,33
4509,870,33
4510,862,33
4511,854,33
4512,902,33
4513,887,33
4514,871,49
4515,862,49
4516,910,49
4517,913,49
4518,907,49
4519,899,49
4520,891,49
4521,877,49
4522,868,49
4523,858,49
4524,848,42
4525,839,42
4526,829,42
4527,874,42
4528,862,42
4529,848,42
4530,835,42
4531,903,42
4532,899,42
4533,884,42
4534,873,37
4535,866,37
4536,854,37
4537,844,37
4538,838,37
4539,827,37
4540,811,37
4541,799,37
4542,837,37
4543,826,37
4544,816,55
4545,798,55
4546,885,55
4547,883,55
4548,873,55
4549,856,55
4550,846,55
4551,833,55
4552,813,55
4553,798,55
4554,787,48
4555,777,48
4556,764,48
4557,808,48
4558,800,48
4559,785,48
4560,773,48
4561,873,48
4562,874,48
4563,858,48
4564,847,43
4565,834,43
4566,826,43
4567,817,43
4568,809,43
4569,799,43
4570,792,43
4571,783,43
4572,843,43
4573,834,43
4574,829,66
4575,820,66
4576,925,66
4577,909,66
4578,896,66
4579,882,66
4580,875,66
4581,869,66
4582,857,65
4583,846,65
4584,831,54
4585,825,54
4586,816,54
4587,865,54
4588,850,54
4589,841,54
4590,830,54
4591,968,54
4592,965,54
4593,948,54
4594,927,48
4595,906,48
4596,898,48
4597,883,48
4598,870,48
4599,856,48
4600,843,48
4601,833,48
4602,887,48
4603,875,48
4604,860,76
4605,841,76
4606,963,76
4607,946,76
4608,921,76
4609,905,76
4610,890,76
4611,875,76
4612,861,76
4613,853,76
4614,844,60
4615,829,60
4616,821,60
4617,886,60
4618,875,60
4619,862,60
4620,848,60
4621,958,60
4622,951,60
4623,946,59
4624,938,57
4625,926,57
4626,920,57
4627,906,57
4628,891,57
4629,884,57
4630,877,57
4631,869,57
4632,948,57
4633,933,57
4634,916,88
4635,902,88
4636,993,88
4637,984,88
4638,966,88
4639,947,88
4640,935,88
4641,924,88
4642,909,88
4643,899,88
4644,888,72
4645,880,72
4646,870,72
4647,934,72
4648,923,72
4649,906,72
4650,892,71
4651,995,71
4652,991,71
4653,978,71
4654,964,67
4655,951,67
4656,939,67
4657,929,67
4658,920,67
4659,911,67
4660,901,67
4661,895,67
4662,950,67
4663,936,67
4664,924,101
4665,910,101
4666,992,101
4667,986,101
4668,968,101
4669,947,101
4670,929,101
4671,899,101
4672,875,101
4673,862,101
4674,841,73
4675,823,73
4676,804,73
4677,874,73
4678,866,73
4679,852,73
4680,841,73
4681,943,73
4682,940,73
4683,925,73
4684,913,71
4685,897,71
4686,886,71
4687,870,71
4688,853,71
4689,839,71
4690,826,70
4691,806,70
4692,878,70
4693,875,70
4694,861,109
4695,841,109
4696,914,109
4697,905,109
4698,894,109
4699,874,109
4700,859,109
4701,842,109
4702,829,109
4703,807,109
4704,791,79
4705,774,79
4706,761,79
4707,807,79
4708,804,79
4709,788,79
4710,779,79
4711,853,79
4712,848,79
4713,835,79
4714,823,75
4715,811,75
4716,799,75
4717,789,75
4718,780,75
4719,770,75
4720,755,75
4721,735,75
4722,810,75
4723,803,75
4724,788,118
4725,767,118
4726,845,118
4727,843,118
4728,834,118
4729,812,118
4730,792,118
4731,775,117
4732,765,117
4733,748,117
4734,734,84
4735,715,84
4736,695,84
4737,743,84
4738,736,84
4739,716,84
4740,701,84
4741,765,84
4742,765,84
4743,755,84
4744,742,76
4745,728,76
4746,702,76
4747,687,76
4748,673,76
4749,655,76
4750,643,76
4751,632,76
4752,680,76
4753,673,76
4754,661,127
4755,645,127
4756,707,127
4757,712,127
4758,703,127
4759,681,127
4760,660,127
4761,650,127
4762,635,126
4763,615,126
4764,597,89
4765,584,89
4766,565,89
4767,613,89
4768,610,89
4769,599,89
4770,587,88
4771,643,88
4772,636,88
4773,625,88
4774,607,84
4775,592,84
4776,577,84
4777,567,84
4778,555,84
4779,539,84
4780,528,84
4781,517,84
4782,556,84
4783,552,84
4784,547,134
4785,536,134
4786,575,134
4787,575,134
4788,560,134
4789,551,134
4790,533,134
4791,519,133
4792,502,133
4793,489,132
4794,483,97
4795,476,97
4796,466,97
4797,506,97
4798,510,97
4799,498,97
4800,487,97
4801,526,97
4802,521,97
4803,511,96
4804,497,93
4805,486,93
4806,479,93
4807,468,93
4808,453,93
4809,442,93
4810,430,93
4811,422,93
4812,452,93
4813,453,93
4814,449,143
4815,435,143
4816,466,143
4817,463,143
4818,456,143
4819,449,142
4820,444,142
4821,439,142
4822,428,142
4823,417,141
4824,405,101
4825,399,100
4826,394,100
4827,416,100
4828,422,100
4829,412,100
4830,402,100
4831,438,100
4832,435,100
4833,425,100
4834,420,89
4835,413,89
4836,406,89
4837,397,89
4838,391,89
4839,381,89
4840,372,89
4841,365,89
4842,383,89
4843,383,89
4844,380,143
4845,367,143
4846,397,143
4847,387,143
4848,382,143
4849,372,143
4850,358,143
4851,350,143
4852,337,143
4853,332,142
4854,318,96
4855,309,96
4856,300,96
4857,308,96
4858,304,96
4859,303,96
4860,297,95
4861,323,95
4862,324,95
4863,320,95
4864,317,87
4865,309,87
4866,303,87
4867,298,87
4868,290,87
4869,285,87
4870,283,87
4871,277,86
4872,283,86
4873,281,85
4874,281,139
4875,266,139
4876,293,139
4877,289,139
4878,284,139
4879,278,139
4880,265,139
4881,257,138
4882,252,138
4883,242,138
4884,238,92
4885,228,92
4886,224,92
4887,236,92
4888,236,92
4889,231,92
4890,223,91
4891,258,91
4892,259,91
4893,255,91
4894,249,81
4895,246,81
4896,242,81
4897,239,81
4898,238,80
4899,233,80
4900,229,80
4901,222,80
4902,231,80
4903,226,79
4904,218,137
4905,207,136
4906,235,136
4907,234,136
4908,228,136
4909,216,136
4910,210,135
4911,203,135
4912,193,135
4913,189,135
4914,185,90
4915,180,90
4916,174,90
4917,180,90
4918,177,90
4919,176,90
4920,169,90
4921,196,90
4922,194,90
4923,192,90
4924,187,84
4925,182,84
4926,178,84
4927,171,84
4928,169,84
4929,162,84
4930,161,84
4931,160,84
4932,165,84
4933,163,84
4934,155,142
4935,147,141
4936,165,141
4937,159,141
4938,157,141
4939,151,141
4940,143,141
4941,137,141
4942,133,140
4943,125,140
4944,117,89
4945,109,89
4946,104,89
4947,104,88
4948,100,88
4949,96,88
4950,92,88
4951,105,88
4952,104,87
4953,100,86
4954,99,79
4955,98,79
4956,95,79
4957,92,79
4958,88,79
4959,82,79
4960,80,79
4961,78,79
4962,80,79
4963,78,79
4964,77,134
4965,75,134
4966,90,134
4967,88,134
4968,84,134
4969,83,134
4970,81,134
4971,80,134
4972,77,134
4973,77,134
4974,76,74
4975,73,74
4976,71,74
4977,72,74
4978,68,74
4979,67,73
4980,65,73
4981,71,73
4982,70,72
4983,69,71
4984,67,70
4985,64,70
4986,62,70
4987,60,70
4988,59,70
4989,57,70
4990,55,70
4991,54,70
4992,53,70
4993,51,70
4994,51,121
4995,50,121
4996,60,121
4997,59,121
4998,58,121
4999,57,120
